0.00395270766211
0.0154281946018
0.0139351435113
0.0180825076515
0.0174864774332
0.0176626381579
0.0177507185203
0.0137692489457
0.0122761978552
0.0185801913483
0.0189119804796
0.0137692489457
0.0180825076515
0.0185801913483
0.0164514523841
0.0144328272081
0.016589456561
0.0182484022171
0.0172530348235
0.0169732496775
0.0159258782986
0.0174189293891
0.0145987217737
0.0182484022171
0.0139351435113
0.0120310588921
0.0152623000361
0.0162576674298
0.0180825076515
0.0172530348235
0.0149305109049
0.0172530348235
0.0159258782986
0.015759983733
0.0160917728642
0.0150964054705
0.0159258782986
0.0174189293891
0.0177507185203
0.0187319052303
0.0144328272081
0.016589456561
0.0170871402579
0.0164235619954
0.0152623000361
0.0168331653299
0.0194096641764
0.0182484022171
0.0184142967827
0.0145987217737
0.0150964054705
0.0182484022171
0.0162576674298
0.0165780156927
0.0162576674298
0.0175848239547
0.0190778750452
0.0182484022171
0.016589456561
0.0172530348235
0.0194096641764
0.0185801913483
0.0172530348235
0.0159258782986
0.0181204755333
0.0180825076515
0.0184142967827
0.0177507185203
0.00835836180005
0.0152623000361
0.0161105718029
0.0155940891674
0.0116392616054
0.0161483794262
0.0178523199216
0.017957132597
0.0164235619954
0.0172530348235
0.0152623000361
0.0178143520398
0.0176881587355
0.0160917728642
0.0168723520066
0.0172530348235
0.015759983733
0.0162576674298
0.0141010380769
0.0151304588277
0.0160917728642
0.0154281946018
0.0174189293891
0.015759983733
0.0165114977775
0.0167553511266
0.0167553511266
0.0164235619954
0.0144328272081
0.0164235619954
0.0175848239547
0.0154281946018
0.0175848239547
0.0164235619954
0.0147646163393
0.0170871402579
0.0185801913483
0.0177507185203
0.0150964054705
0.0154524968643
0.0154281946018
0.012773881552
0.016856952528
0.0175848239547
0.018746085914
0.0179166130859
0.016589456561
0.0154281946018
0.0174189293891
0.0164235619954
0.0179166130859
0.0159258782986
0.0172530348235
0.016589456561
0.015759983733
0.0160917728642
0.0170871402579
0.0170871402579
0.0147646163393
0.015759983733
0.0167553511266
0.0175848239547
0.0160917728642
0.0152623000361
0.0169212456922
0.016589456561
0.0170871402579
0.016589456561
0.00796293914929
0.0142669326425
0.015759983733
0.0155940891674
0.0139351435113
0.0167553511266
0.0191556892484
0.0167553511266
0.0152623000361
0.0152623000361
0.0184142967827
0.0196533729453
0.0179166130859
0.016589456561
0.019575558742
0.0180825076515
0.0142669326425
0.0160917728642
0.0197414533076
0.0185801913483
0.016589456561
0.0174189293891
0.016589456561
0.0174189293891
0.0170871402579
0.0155940891674
0.0162576674298
0.0177507185203
0.0139351435113
0.0179166130859
0.017424846323
0.0184142967827
0.0172530348235
0.0170871402579
0.0172530348235
0.0182484022171
0.0132715652488
0.0167553511266
0.0141010380769
0.0159258782986
0.0129397761176
0.0137692489457
0.0185801913483
0.0170871402579
0.0160917728642
0.0160917728642
0.0172530348235
0.0175848239547
0.0179166130859
0.0172530348235
0.0182484022171
0.0179166130859
0.0177507185203
0.016589456561
0.0182484022171
0.0172530348235
0.0160917728642
0.0162576674298
0.0154281946018
0.0202391370044
0.0180825076515
0.0150964054705
0.0162576674298
0.0170871402579
0.0167553511266
0.0172530348235
0.0185801913483
0.0170871402579
0.00467651950407
0.0141010380769
0.0167553511266
0.0176484574742
0.0164235619954
0.0182484022171
0.0154281946018
0.0150964054705
0.019575558742
0.0179506664431
0.0169212456922
0.0170871402579
0.0155940891674
0.016589456561
0.015759983733
0.0134374598144
0.0180825076515
0.0175848239547
0.016589456561
0.0170871402579
0.0167553511266
0.0154281946018
0.0172530348235
0.0159258782986
0.0145987217737
0.016589456561
0.0122761978552
0.0144328272081
0.015759983733
0.0162428266214
0.0147646163393
0.0149305109049
0.0129397761176
0.01360335438
0.0137692489457
0.0139351435113
0.0179166130859
0.0180874959109
0.0169212456922
0.0180825076515
0.0170871402579
0.0154281946018
0.0139351435113
0.0152623000361
0.0167553511266
0.0162576674298
0.0152623000361
0.0137692489457
0.0152623000361
0.0159258782986
0.0141010380769
0.015759983733
0.0172530348235
0.0174189293891
0.0159258782986
0.0169212456922
0.0160917728642
0.0172530348235
0.0180825076515
0.016589456561
0.016589456561
0.0170871402579
0.0175848239547
0.0162576674298
0.0172530348235
0.0164235619954
0.0175848239547
0.0174189293891
0.00796293914929
0.0152623000361
0.0162576674298
0.01464304129
0.0185114249892
0.0172530348235
0.0179166130859
0.0177223571529
0.0172530348235
0.0171099987814
0.0178285327235
0.0182484022171
0.0167463473682
0.0179166130859
0.0160917728642
0.0180495716349
0.0162576674298
0.0162576674298
0.0119444087239
0.0139351435113
0.0125026241031
0.0131056706832
0.0160917728642
0.0147646163393
0.015759983733
0.0155940891674
0.0162576674298
0.0147646163393
0.0175848239547
0.015759983733
0.015759983733
0.0147646163393
0.0183115206722
0.0155940891674
0.0169212456922
0.0149305109049
0.0149305109049
0.0144328272081
0.0137692489457
0.0141010380769
0.0129397761176
0.0182484022171
0.0142669326425
0.0167553511266
0.0172530348235
0.0149305109049
0.0149305109049
0.0175848239547
0.015759983733
0.0180825076515
0.0154281946018
0.015759983733
0.0160917728642
0.0162576674298
0.015759983733
0.0144328272081
0.0147646163393
0.0167553511266
0.0170871402579
0.0149305109049
0.0139351435113
0.0149305109049
0.0137692489457
0.0154281946018
0.016589456561
0.0172530348235
0.0150964054705
0.0177507185203
0.00578563289785
0.0141010380769
0.0170871402579
0.0175387274531
0.0170871402579
0.0180825076515
0.0193506489119
0.0189119804796
0.0137692489457
0.0151025577587
0.0164235619954
0.0159258782986
0.0159258782986
0.0159258782986
0.0170871402579
0.0171206349448
0.0137692489457
0.01360335438
0.0149305109049
0.0141010380769
0.0177507185203
0.0169212456922
0.0164235619954
0.0147646163393
0.0155940891674
0.0145987217737
0.0174189293891
0.012773881552
0.0177507185203
0.0150964054705
0.0170871402579
0.0149305109049
0.0129397761176
0.0170871402579
0.01360335438
0.0151850445032
0.0180825076515
0.0180825076515
0.0137692489457
0.0154281946018
0.0149305109049
0.0144328272081
0.0177507185203
0.0167553511266
0.0141576446388
0.0142669326425
0.01360335438
0.0177507185203
0.0166378356621
0.0160917728642
0.0134374598144
0.0142669326425
0.0164235619954
0.0162576674298
0.0167553511266
0.0172530348235
0.0182484022171
0.0150964054705
0.0152623000361
0.0160917728642
0.016589456561
0.0182484022171
0.0170871402579
0.0184142967827
0.0172530348235
0.0174189293891
0.016589456561
0.015759983733
0.00800725866561
0.0132715652488
0.0141010380769
0.0185029358154
0.0137692489457
0.0150964054705
0.0155315293826
0.0155940891674
0.0162576674298
0.0177507185203
0.0167553511266
0.0189119804796
0.015759983733
0.0169212456922
0.0162576674298
0.0149305109049
0.0164235619954
0.015759983733
0.0155940891674
0.0172530348235
0.0170871402579
0.0164235619954
0.0160917728642
0.0177507185203
0.0160917728642
0.0154281946018
0.0152623000361
0.0149305109049
0.0160917728642
0.0145987217737
0.0145987217737
0.0160917728642
0.0175848239547
0.0160036925018
0.0164235619954
0.0172530348235
0.0124420924208
0.0141010380769
0.0132715652488
0.0147646163393
0.0150964054705
0.0141010380769
0.0150964054705
0.016589456561
0.0160917728642
0.0164235619954
0.0137692489457
0.0142669326425
0.0169212456922
0.0160917728642
0.016589456561
0.0172530348235
0.0172530348235
0.0139351435113
0.0177507185203
0.0141010380769
0.0150964054705
0.0174189293891
0.0177507185203
0.0182484022171
0.015759983733
0.0147646163393
0.015759983733
0.0169212456922
0.0150964054705
0.0155940891674
0.015759983733
0.0169212456922
0.00779704458368
0.0152623000361
0.015759983733
0.0154281946018
0.0162576674298
0.0195129989572
0.018351736998
0.0160917728642
0.0180825076515
0.0152623000361
0.0142669326425
0.01360335438
0.0169212456922
0.0152623000361
0.0174189293891
0.0155940891674
0.0152623000361
0.0145987217737
0.0137692489457
0.0172530348235
0.0141010380769
0.0137692489457
0.0155940891674
0.0154281946018
0.0164235619954
0.016589456561
0.0149305109049
0.0172530348235
0.0144328272081
0.0131056706832
0.012773881552
0.0139351435113
0.0172530348235
0.0160917728642
0.0144328272081
0.0159258782986
0.0155940891674
0.0154281946018
0.0159258782986
0.0175848239547
0.0160917728642
0.0170871402579
0.0180825076515
0.0167553511266
0.016589456561
0.015759983733
0.0144328272081
0.0179166130859
0.0154281946018
0.0139351435113
0.0139351435113
0.0159258782986
0.0164235619954
0.0147646163393
0.0141010380769
0.0159258782986
0.0149305109049
0.015759983733
0.0149305109049
0.0132715652488
0.015759983733
0.0164235619954
0.0180825076515
0.0145987217737
0.0159258782986
0.0169212456922
0.0169212456922
0.0167553511266
0.00534404069852
0.0149305109049
0.0142669326425
0.0145987217737
0.0167553511266
0.0160917728642
0.018194375212
0.0141010380769
0.0155940891674
0.01360335438
0.0171649544611
0.0164235619954
0.0150964054705
0.0172530348235
0.0175848239547
0.0142669326425
0.0154281946018
0.0170871402579
0.0137692489457
0.0178432720775
0.0141010380769
0.0170871402579
0.0132715652488
0.0155940891674
0.0107831467647
0.0132715652488
0.0134374598144
0.0152623000361
0.0145987217737
0.0172530348235
0.0147646163393
0.0149305109049
0.0170871402579
0.015759983733
0.0159258782986
0.016589456561
0.0160917728642
0.016589456561
0.0149305109049
0.0141010380769
0.0134374598144
0.0129397761176
0.0159258782986
0.01360335438
0.0129397761176
0.0129397761176
0.0162576674298
0.0159258782986
0.0170871402579
0.0159258782986
0.0141010380769
0.0145987217737
0.0145987217737
0.015759983733
0.0175848239547
0.0155940891674
0.0144328272081
0.0149305109049
0.0159258782986
0.0150964054705
0.0150964054705
0.0159258782986
0.0147646163393
0.0149305109049
0.0152623000361
0.0147646163393
0.0144328272081
0.0155940891674
0.0015852045825
0.0134374598144
0.0145987217737
0.0164235619954
0.0172530348235
0.0155940891674
0.0129397761176
0.0149305109049
0.0150964054705
0.0182891772132
0.0170871402579
0.0154281946018
0.0159258782986
0.0149305109049
0.0121103032895
0.0145987217737
0.0169212456922
0.0144328272081
0.015759983733
0.0134374598144
0.0150964054705
0.0145987217737
0.0139351435113
0.0129397761176
0.01360335438
0.01360335438
0.0134374598144
0.0170871402579
0.0144328272081
0.0154281946018
0.0150964054705
0.00962188480539
0.0139351435113
0.0169212456922
0.0160917728642
0.0144328272081
0.0154281946018
0.01360335438
0.0150964054705
0.0160917728642
0.0170871402579
0.0155940891674
0.0141010380769
0.0137692489457
0.0174189293891
0.015759983733
0.0155940891674
0.0150964054705
0.0126079869864
0.015759983733
0.016589456561
0.0170871402579
0.0172530348235
0.01360335438
0.0160917728642
0.0152623000361
0.0164235619954
0.0172530348235
0.0174189293891
0.0152623000361
0.0162576674298
0.015759983733
0.0145987217737
0.0162576674298
0.0167553511266
0.0160917728642
0.0141010380769
0.0159258782986
0.00578186295353
0.0137692489457
0.0139351435113
0.0155940891674
0.0169212456922
0.0139351435113
0.01360335438
0.0152623000361
0.0185801913483
0.0175222641699
0.0141010380769
0.0149305109049
0.0170871402579
0.0149305109049
0.0126079869864
0.0159258782986
0.0155940891674
0.0132715652488
0.0147646163393
0.0149305109049
0.0142669326425
0.0147646163393
0.0147646163393
0.0159258782986
0.0164235619954
0.015759983733
0.0142669326425
0.0132715652488
0.0129397761176
0.01360335438
0.0139351435113
0.0152623000361
0.0174189293891
0.0149305109049
0.0114467250271
0.012773881552
0.0155940891674
0.0134374598144
0.0150964054705
0.012773881552
0.0117785141583
0.0134374598144
0.0149305109049
0.01360335438
0.0141010380769
0.0131056706832
0.0147646163393
0.01360335438
0.0145987217737
0.0144328272081
0.0162576674298
0.0154281946018
0.0137692489457
0.0164235619954
0.0172530348235
0.0150964054705
0.0159258782986
0.0145987217737
0.0159258782986
0.0162576674298
0.0150964054705
0.01360335438
0.0162576674298
0.0164235619954
0.0162576674298
0.0155940891674
0.0162576674298
0.0162576674298
0.00464504783709
0.0111149358959
0.0137692489457
0.0160917728642
0.0147646163393
0.0152623000361
0.0184142967827
0.0164235619954
0.0144328272081
0.0134374598144
0.0145987217737
0.0154281946018
0.0132715652488
0.01360335438
0.0149305109049
0.0137692489457
0.0117785141583
0.0149305109049
0.0154281946018
0.0150964054705
0.0144328272081
0.015759983733
0.0174189293891
0.0144328272081
0.0147646163393
0.0149305109049
0.0167553511266
0.0142669326425
0.0152623000361
0.0129397761176
0.0160917728642
0.0175848239547
0.0144328272081
0.0160917728642
0.0141010380769
0.0147646163393
0.0152623000361
0.0112808304615
0.0137692489457
0.0144328272081
0.012773881552
0.0164235619954
0.0149305109049
0.0155940891674
0.0141010380769
0.0152623000361
0.0159258782986
0.0154281946018
0.0144328272081
0.01360335438
0.0149305109049
0.0154281946018
0.0134374598144
0.0142669326425
0.0159258782986
0.0152623000361
0.0141010380769
0.0132715652488
0.0164235619954
0.0122761978552
0.015759983733
0.015759983733
0.0169288960057
0.0121103032895
0.0139351435113
0.0155940891674
0.0141010380769
0.0149305109049
0.00301893722317
0.0107831467647
0.0140129577145
0.0159258782986
0.0185801913483
0.0154281946018
0.0142669326425
0.0122761978552
0.0131056706832
0.0162576674298
0.0179166130859
0.0137692489457
0.015759983733
0.0149305109049
0.0152623000361
0.0142669326425
0.01360335438
0.0155940891674
0.0149305109049
0.0150964054705
0.0149305109049
0.0139351435113
0.0134374598144
0.01360335438
0.0134374598144
0.0167553511266
0.0124420924208
0.0154281946018
0.0145987217737
0.0179166130859
0.0185801913483
0.0134374598144
0.0150964054705
0.0137692489457
0.0149305109049
0.0147646163393
0.0139351435113
0.0152623000361
0.016589456561
0.0152623000361
0.0155940891674
0.0154281946018
0.0142669326425
0.0147646163393
0.0152623000361
0.0162576674298
0.0150964054705
0.0141010380769
0.0109490413303
0.0134374598144
0.012773881552
0.0144328272081
0.0129397761176
0.0142669326425
0.0149305109049
0.012773881552
0.0169212456922
0.0139351435113
0.0117785141583
0.0132715652488
0.0162576674298
0.0149305109049
0.0144328272081
0.0131056706832
0.012773881552
0.0154281946018
0.0167553511266
0.018746085914
0.00398146957465
0.0081288337149
0.0139351435113
0.0134374598144
0.0145987217737
0.0154281946018
0.0174189293891
0.0149305109049
0.0160917728642
0.0160917728642
0.0152623000361
0.0132715652488
0.0150964054705
0.0119444087239
0.0150964054705
0.0159258782986
0.015759983733
0.015759983733
0.0167553511266
0.0137692489457
0.0137692489457
0.0139351435113
0.012773881552
0.0147646163393
0.0149305109049
0.0131056706832
0.0142669326425
0.015759983733
0.0145987217737
0.015759983733
0.0129397761176
0.0170871402579
0.0167553511266
0.0152623000361
0.0150964054705
0.0147646163393
0.0141010380769
0.016589456561
0.015759983733
0.0152623000361
0.0150964054705
0.0150964054705
0.0122761978552
0.0119444087239
0.0132715652488
0.0126079869864
0.0119444087239
0.0132715652488
0.0154281946018
0.0134374598144
0.0155940891674
0.0149305109049
0.015759983733
0.0144328272081
0.0150964054705
0.01360335438
0.0154281946018
0.0119444087239
0.0144328272081
0.0159258782986
0.015759983733
0.0147646163393
0.0134374598144
0.0129397761176
0.016589456561
0.015759983733
0.0150964054705
0.0142669326425
0.00313781606289
0.00696757175563
0.0112808304615
0.0126079869864
0.0177655598086
0.0150964054705
0.0116126195927
0.016589456561
0.016589456561
0.0141010380769
0.0119444087239
0.0139351435113
0.0137692489457
0.0162576674298
0.0121103032895
0.0102854630678
0.012773881552
0.0150964054705
0.0107831467647
0.0131056706832
0.0131056706832
0.0141010380769
0.0170871402579
0.0160917728642
0.0162576674298
0.0160917728642
0.0160917728642
0.0172530348235
0.0164235619954
0.0145987217737
0.0147646163393
0.0154281946018
0.0132715652488
0.0160917728642
0.0155940891674
0.0155940891674
0.0160917728642
0.0145987217737
0.0142669326425
0.0131056706832
0.0150964054705
0.0139351435113
0.0160917728642
0.0162576674298
0.0145987217737
0.0145987217737
0.0145987217737
0.0131056706832
0.0131056706832
0.0124420924208
0.01360335438
0.012773881552
0.0119444087239
0.0131056706832
0.0147646163393
0.0122761978552
0.0112808304615
0.0137692489457
0.015759983733
0.0129397761176
0.0147646163393
0.0139351435113
0.0155940891674
0.0149305109049
0.0148679511201
0.0155940891674
0.0150964054705
0.0150964054705
0.00116126195927
0.00381557500904
0.0101195685022
0.0142669326425
0.0126079869864
0.0122761978552
0.0155940891674
0.016589456561
0.0122761978552
0.01360335438
0.0137692489457
0.0162576674298
0.0144328272081
0.0114467250271
0.015759983733
0.0141010380769
0.0159258782986
0.0144328272081
0.0164235619954
0.0171904750387
0.0160917728642
0.0159258782986
0.0167553511266
0.0139351435113
0.0170871402579
0.0162576674298
0.0154281946018
0.0162576674298
0.015759983733
0.0150964054705
0.0126079869864
0.0137692489457
0.0160917728642
0.0149305109049
0.0131056706832
0.0141010380769
0.0129397761176
0.0139351435113
0.015759983733
0.0164235619954
0.0144328272081
0.0131056706832
0.0131056706832
0.0160917728642
0.0152623000361
0.0144328272081
0.0145987217737
0.0154281946018
0.0145987217737
0.012773881552
0.0155940891674
0.0129397761176
0.0160917728642
0.0147646163393
0.0132715652488
0.0147646163393
0.0152623000361
0.0137692489457
0.0131056706832
0.0139351435113
0.0149305109049
0.0142669326425
0.0131056706832
0.0122761978552
0.0150964054705
0.0149305109049
0.0147646163393
0.0155940891674
0.00116126195927
0.00199073478732
0.00729936088685
0.0142669326425
0.0131056706832
0.0162576674298
0.0132715652488
0.0116126195927
0.0145987217737
0.0142669326425
0.01360335438
0.0145987217737
0.0106172521991
0.0150964054705
0.0141010380769
0.0167553511266
0.0121103032895
0.0172530348235
0.0150964054705
0.0147646163393
0.0119444087239
0.0154281946018
0.0141010380769
0.0141010380769
0.01360335438
0.0147646163393
0.0150964054705
0.01360335438
0.0124420924208
0.0141010380769
0.0142669326425
0.0169212456922
0.0131056706832
0.0137692489457
0.0175848239547
0.0175848239547
0.0154281946018
0.016589456561
0.016589456561
0.01360335438
0.0160917728642
0.0126079869864
0.016589456561
0.0150964054705
0.0121103032895
0.0104513576334
0.0145987217737
0.0124420924208
0.0121103032895
0.0150964054705
0.0145987217737
0.0122761978552
0.0145987217737
0.0124420924208
0.01360335438
0.0122761978552
0.0142669326425
0.0144328272081
0.0150964054705
0.0134374598144
0.0145987217737
0.0141010380769
0.0137692489457
0.0164235619954
0.0154281946018
0.0154281946018
0.0141010380769
0.0160917728642
0.0
0.000497683696831
0.00630399349319
0.00995367393661
0.0145987217737
0.0119444087239
0.0142669326425
0.0170871402579
0.0145987217737
0.0141010380769
0.0131056706832
0.0124420924208
0.0139351435113
0.0182484022171
0.0160917728642
0.0164235619954
0.0172530348235
0.0160917728642
0.0121103032895
0.0159258782986
0.0184142967827
0.0175848239547
0.0175848239547
0.0131056706832
0.0144328272081
0.0144328272081
0.0145987217737
0.0142669326425
0.0164235619954
0.016589456561
0.0154281946018
0.0154281946018
0.0145987217737
0.016589456561
0.0162576674298
0.0131056706832
0.0144328272081
0.0147646163393
0.012830488114
0.0145987217737
0.0142669326425
0.0150964054705
0.0150964054705
0.0164235619954
0.0155940891674
0.0150964054705
0.0129397761176
0.0122761978552
0.0147646163393
0.0142669326425
0.0114467250271
0.01360335438
0.0121103032895
0.0134374598144
0.0145987217737
0.0134374598144
0.0131056706832
0.0124420924208
0.012773881552
0.0139351435113
0.0131056706832
0.012773881552
0.0116126195927
0.0137692489457
0.0131056706832
0.0132715652488
0.0152623000361
0.015759983733
0.0
0.0
0.00381557500904
0.0117785141583
0.0122761978552
0.0164235619954
0.0124420924208
0.0155940891674
0.0149305109049
0.012773881552
0.0154281946018
0.0119444087239
0.0155940891674
0.0147646163393
0.0134374598144
0.0144328272081
0.0139351435113
0.0147646163393
0.0139351435113
0.0129397761176
0.0152623000361
0.01360335438
0.0107831467647
0.0149305109049
0.0167553511266
0.0164235619954
0.0149305109049
0.0167553511266
0.0182484022171
0.0154281946018
0.0139351435113
0.0124420924208
0.016589456561
0.0172530348235
0.0132715652488
0.0182484022171
0.0162576674298
0.0122761978552
0.0147646163393
0.0167553511266
0.0116126195927
0.0137692489457
0.0167553511266
0.0132715652488
0.015759983733
0.0119444087239
0.01360335438
0.0145987217737
0.0154281946018
0.0141010380769
0.0124420924208
0.0169212456922
0.0147646163393
0.0150964054705
0.0124420924208
0.0132715652488
0.0145987217737
0.0144328272081
0.0132715652488
0.0134374598144
0.0124420924208
0.0159258782986
0.0167553511266
0.0147646163393
0.0145987217737
0.015759983733
0.0159258782986
0.0139351435113
0.0
0.0
0.00298610218098
0.0106172521991
0.0129397761176
0.0121103032895
0.0142669326425
0.012773881552
0.0112808304615
0.0116126195927
0.01360335438
0.0155940891674
0.0129397761176
0.0159258782986
0.0131056706832
0.0132715652488
0.0154281946018
0.0137692489457
0.0150964054705
0.0154281946018
0.016589456561
0.0142669326425
0.0162576674298
0.0159258782986
0.015759983733
0.0142669326425
0.0139351435113
0.0160917728642
0.0154281946018
0.0147646163393
0.016589456561
0.0189119804796
0.0155940891674
0.0162576674298
0.0142669326425
0.0152623000361
0.0134374598144
0.0119444087239
0.0160917728642
0.0134374598144
0.0162576674298
0.015759983733
0.0154281946018
0.0129397761176
0.0142669326425
0.0129397761176
0.0126079869864
0.0109490413303
0.0142669326425
0.0144328272081
0.015650635389
0.0116126195927
0.0132715652488
0.0141010380769
0.0131056706832
0.0142669326425
0.0131056706832
0.0106172521991
0.0124420924208
0.0145987217737
0.0134374598144
0.0134374598144
0.0131056706832
0.0134374598144
0.015759983733
0.0149305109049
0.0152623000361
0.0149305109049
0.0
0.0
0.00033178913122
0.00630399349319
0.0106172521991
0.0121103032895
0.0117785141583
0.0124420924208
0.00879241197734
0.0119444087239
0.01360335438
0.0112808304615
0.0164235619954
0.012773881552
0.0167553511266
0.0124420924208
0.0167553511266
0.0142669326425
0.0155940891674
0.015759983733
0.016589456561
0.0141010380769
0.0147646163393
0.0154281946018
0.0162576674298
0.0167553511266
0.0129397761176
0.0167553511266
0.0179166130859
0.0150964054705
0.0122761978552
0.0132715652488
0.0144328272081
0.0121103032895
0.0144328272081
0.0147646163393
0.0132715652488
0.0159258782986
0.0159258782986
0.0134374598144
0.0167553511266
0.016589456561
0.0141010380769
0.0160917728642
0.0170871402579
0.0126079869864
0.0132715652488
0.015759983733
0.0162576674298
0.0121103032895
0.0132715652488
0.0150964054705
0.0131056706832
0.0112808304615
0.0132715652488
0.0122761978552
0.0112808304615
0.0150964054705
0.0149305109049
0.0141010380769
0.0129397761176
0.0145987217737
0.0134374598144
0.0159258782986
0.0131056706832
0.01360335438
0.0139351435113
0.0150964054705
0.0
0.0
0.0
0.00315199674659
0.00995367393661
0.0150964054705
0.0116126195927
0.0129397761176
0.0182484022171
0.0155940891674
0.0126079869864
0.0155940891674
0.0155940891674
0.0137692489457
0.0144328272081
0.0117785141583
0.0164235619954
0.0134374598144
0.0170871402579
0.0154281946018
0.0174189293891
0.0145987217737
0.0180825076515
0.0155940891674
0.0141010380769
0.0126079869864
0.0137692489457
0.0145987217737
0.0137692489457
0.0147646163393
0.0126079869864
0.0137692489457
0.0144328272081
0.0150964054705
0.0149305109049
0.0154281946018
0.0164235619954
0.0162576674298
0.0167553511266
0.015759983733
0.0160917728642
0.0124420924208
0.0129397761176
0.0151779554626
0.0117785141583
0.0139351435113
0.0160917728642
0.0139351435113
0.0155940891674
0.0155940891674
0.0154281946018
0.015759983733
0.0132715652488
0.0126079869864
0.0132715652488
0.0144736022041
0.0142669326425
0.0129397761176
0.0150338456857
0.0137692489457
0.0142669326425
0.0126079869864
0.0149305109049
0.012773881552
0.0116126195927
0.0154281946018
0.015759983733
0.013461496721
-0.000180075249315
0.0
0.0
0.00182484022171
0.00796293914929
0.0109490413303
0.0129397761176
0.0134374598144
0.0124420924208
0.0117785141583
0.009787779371
0.0169212456922
0.0139351435113
0.0150964054705
0.0112808304615
0.0145987217737
0.0160917728642
0.0137692489457
0.0134374598144
0.0109490413303
0.0132715652488
0.0159258782986
0.0112808304615
0.0126079869864
0.0150964054705
0.0139351435113
0.016589456561
0.0162576674298
0.0164235619954
0.0150964054705
0.0145987217737
0.012773881552
0.0149305109049
0.0175848239547
0.0144328272081
0.0162576674298
0.0112808304615
0.00962188480539
0.0144328272081
0.0139351435113
0.0129397761176
0.0155940891674
0.0169212456922
0.0150964054705
0.0131056706832
0.0142669326425
0.0137692489457
0.0122761978552
0.0134374598144
0.0111149358959
0.0133749000296
0.0117785141583
0.0121103032895
0.0132715652488
0.0124420924208
0.0121103032895
0.00929009567417
0.0119444087239
0.0112808304615
0.012773881552
0.0116126195927
0.0129101959553
0.01360335438
0.0121103032895
0.0150964054705
0.01360335438
0.0145987217737
0.0176361800057
0.00033178913122
0.0
0.0
0.0
0.00514273153392
0.009787779371
0.0121103032895
0.0124420924208
0.0117785141583
0.0121103032895
0.0132715652488
0.0141010380769
0.0081288337149
0.0141010380769
0.0142669326425
0.0164235619954
0.0177507185203
0.0145987217737
0.0137692489457
0.0160977820908
0.0160393273954
0.0152313425414
0.0112808304615
0.0141010380769
0.0152623000361
0.0119444087239
0.0122761978552
0.0141010380769
0.0166014750143
0.0114707619337
0.0148196107407
0.0145987217737
0.0152623000361
0.0145987217737
0.0159258782986
0.0160917728642
0.0167553511266
0.0152623000361
0.0170871402579
0.0134374598144
0.0132715652488
0.015759983733
0.0142669326425
0.0137692489457
0.015759983733
0.0147646163393
0.01360335438
0.0155940891674
0.0150964054705
0.012773881552
0.0132715652488
0.0121103032895
0.0122761978552
0.0126079869864
0.00929009567417
0.0131056706832
0.0131056706832
0.0146724763922
0.0145741298707
0.0145987217737
0.0149305109049
0.0149305109049
0.0145361619889
0.0139351435113
0.0155940891674
0.0124420924208
0.0141010380769
0.0157216117769
-0.0019029440654
0.0
0.0
0.0
0.00248841848415
0.00929009567417
0.0131056706832
0.0159258782986
0.0147646163393
0.0160917728642
0.0162576674298
0.0139351435113
0.0144328272081
0.0150964054705
0.0121103032895
0.0144328272081
0.0139351435113
0.0141611303433
0.020205445425
0.0214431897597
0.0198856747471
0.0204968075407
0.0178210065169
0.0197043014341
0.0197317986348
0.0195873920432
0.0204013861239
0.0201925156102
0.0156119316952
0.0201879046417
0.0216525363378
0.0194524549724
0.0201564602503
0.0179998308974
0.0199441294426
0.0159781386153
0.0149845939447
0.0181985056809
0.0152218730206
0.0151668786193
0.0147646163393
0.0147646163393
0.0149305109049
0.0109490413303
0.0155940891674
0.015759983733
0.0129397761176
0.0160482032867
0.0149305109049
0.0135476091307
0.0137066891609
0.0145845872984
0.0157208437445
0.0131411677795
0.0116126195927
0.0141010380769
0.015800758729
0.0129072101053
0.0124420924208
0.0114467250271
0.0124420924208
0.012773881552
0.0134374598144
0.0142669326425
0.0147646163393
0.0147646163393
0.0143714710156
0.00904283151388
0.0
0.0
0.0
0.0
0.000663578262441
0.00680167719002
0.0112808304615
0.0150964054705
0.0116126195927
0.01360335438
0.0164235619954
0.0149305109049
0.0172530348235
0.015759983733
0.0192437696108
0.0141225260509
0.0167620865627
0.0222356958663
0.0201650184095
0.0155315619995
0.0145246666931
0.0105429342011
0.0126101467426
0.0172964796643
0.0131155696654
0.0116772494291
0.0144012263013
0.00987997404491
0.0104721479428
0.00372188186999
0.00738348896728
0.0149147174155
0.0161830782548
0.0161413432333
0.0135734790297
0.0141690478241
0.0203871261921
0.0191971482165
0.0166373343899
0.016187009129
0.0165137003951
0.0113882703317
0.0139351435113
0.0159258782986
0.0131056706832
0.0116126195927
0.0141575842985
0.0104513576334
0.0129397761176
0.0126079869864
0.0139351435113
0.0122761978552
0.0101195685022
0.0112808304615
0.0131056706832
0.0139351435113
0.0124420924208
0.0137692489457
0.0140915093238
0.0132715652488
0.0144328272081
0.0155940891674
0.0144328272081
0.0144328272081
0.01360335438
0.012773881552
0.0140488608005
0.00368740997742
0.0
0.0
0.0
0.0
0.0
0.00713346632124
0.00995367393661
0.0122761978552
0.0161360923805
0.0150964054705
0.0131056706832
0.0126079869864
0.0139351435113
0.0144328272081
0.0164381293813
0.0191026381612
0.0183616661618
0.0181257377939
0.00778983508267
0.00189530552738
0.00108045380698
0.00165062954825
0.00171993410925
0.00141613564948
0.000685529088009
0.00264840154568
0.000107194086003
-0.00100758360692
0.00347660143113
-0.000573323690509
-0.00272352223177
0.000431416653844
0.00360257693636
-0.000485446212819
0.00082897781747
0.0021523141995
-0.00119617667299
0.00288045701498
0.004922439777
0.00625382306497
0.014794114055
0.0200129650203
0.0201298744112
0.0159524641377
0.0139245238013
0.0142669326425
0.0132715652488
0.0124207274071
0.0131774695806
0.0137066891609
0.0112111490612
0.0106172521991
0.013111031146
0.0143702674233
0.011037101082
0.0137815175141
0.0119444087239
0.0132715652488
0.0126079869864
0.0131056706832
0.0124420924208
0.01360335438
0.0116126195927
0.0141010380769
0.0149122706365
0.0141225260509
0.0118603287325
-0.000709691770613
0.0
0.0
0.0
0.0
0.0
0.000497683696831
0.00680167719002
0.00879241197734
0.0131056706832
0.00862651741173
0.00895830654295
0.0124420924208
0.0106172521991
0.0194293294273
0.017621605524
0.0148968492607
0.0138730762712
0.0038976143857
0.00242726801492
-0.000920534230037
0.00113786046823
0.00178533695144
0.0022014436134
-0.000800744622063
0.00348116798011
-0.00146422526484
9.93503760092e-05
0.00127776075279
0.000137856890941
-0.00208840275711
0.000173017252313
0.000746857224153
0.00147309091936
-0.00112697119852
0.00012987522781
-0.00480364823395
-0.000455076573384
0.00214254516805
9.98538387584e-05
0.00269668647447
0.00646195315023
0.00606177122212
0.0127265015782
0.0138668602671
0.0173448089009
0.0171807389516
0.0129397761176
0.0134374598144
0.0147428315506
0.0129397761176
0.0139351435113
0.01186317445
0.013247118406
0.0126079869864
0.0114467250271
0.0134374598144
0.0145987217737
0.0150615137328
0.0126079869864
0.0107831467647
0.0139243965552
0.01360335438
0.0137692489457
0.0139351435113
0.01360335438
0.0122655491443
0.00619538847407
-0.00264813402934
0.0
0.0
0.0
0.0
0.0
0.0
0.00132715652488
0.00829472828051
0.0104513576334
0.01360335438
0.0132715652488
0.0145987217737
0.0157641702365
0.0163864101219
0.0170075172004
0.013788278565
0.0142455642394
0.0172064163373
0.0186749678622
0.0168816443883
0.0143127273905
0.00966668027406
0.00253758592373
0.0013293842985
0.00534254322833
0.0110351802726
0.0137797332598
0.0108266657462
0.00272766737091
0.0116965545629
0.0092248599028
0.00338441294411
-0.00117131924441
-0.000287272882052
-0.0015548650222
-0.000243775847414
0.00094007078789
-0.000667360024968
-0.00265583200618
-0.000554377651183
0.00461037050715
0.00279583519126
0.0028192638573
0.00406153276925
0.00723620292507
0.00868152653284
0.017288184483
0.0143017648185
0.0134211783495
0.012773881552
0.0126079869864
0.0139503979297
0.0119444087239
0.01360335438
0.0134374598144
0.0120331286003
0.0141010380769
0.0143702674233
0.0116126195927
0.0154281946018
0.0149865403194
0.0137692489457
0.0144328272081
0.0141010380769
0.0112808304615
0.0112593816714
0.000352274416741
0.00611364813318
0.0
0.0
0.0
0.0
0.0
0.0
0.0
0.00315199674659
0.00729936088685
0.0150964054705
0.0145987217737
0.0190778750452
0.0209663956225
0.0157181410437
0.0163478834745
0.0209977101822
0.0225006454844
0.0252195151696
0.0199409998548
0.0203651629408
0.0174854663962
0.0216507752747
0.0229664744322
0.0208943640071
0.0242638463435
0.0223595806041
0.0263639937886
0.0260752948906
0.0272495723974
0.0306469551554
0.0245867943742
0.0238786317505
0.018902995204
0.0131077080417
0.000935471060084
-0.00556341113658
-0.0125702654241
-0.00962009984081
-0.00621732837746
-0.00564589075936
-0.0036994164151
-0.00292074063767
-0.00400836924984
0.00154074452356
0.00616671092552
0.00939558341243
0.0079647180743
0.0116100536303
0.0150439600017
0.0137692489457
0.0141010380769
0.0131056706832
0.0132889082276
0.0121567702754
0.0122761978552
0.0121103032895
0.0121103032895
0.0102854630678
0.0142043728577
0.0134374598144
0.0129397761176
0.0155940891674
0.01360335438
0.0139351435113
0.012295909022
0.00828869065785
0.00301882422004
0.011469917855
0.0
0.0
0.0
0.0
0.0
0.0
0.0
0.0
0.00846062284612
0.0121103032895
0.0114467250271
0.0135036031325
0.014866235006
0.0182153991036
0.0245711376742
0.0284062720845
0.0279371483499
0.0276023758665
0.0284224899817
0.0270998728942
0.0265668520449
0.0282469988548
0.0278302518435
0.0291073129874
0.0319538502364
0.031769288038
0.0307089575228
0.0320186702369
0.0319602323949
0.0269273842788
0.0263758745934
0.0284300754665
0.0213689695584
0.0194268272689
0.00991127561219
-0.000857465432876
-0.00721095017106
-0.00835337072513
-0.00649736085418
-0.00490252187022
-0.00642113388044
-0.00397220371372
-0.00238611023016
0.00217028651893
-0.00010321571527
0.00128373992573
0.00551698919707
0.00527537851651
0.0123972371271
0.0164732733796
0.0134494782677
0.012773881552
0.0144328272081
0.0145987217737
0.0124196479873
0.0114467250271
0.0114467250271
0.0126232414048
0.0145296316186
0.0142669326425
0.0134374598144
0.0122761978552
0.0147646163393
0.0151393814186
0.0146209590971
0.00337236037929
0.0067387262163
0.0101973764259
-0.000195474727949
0.0
0.0
0.0
0.0
0.0
0.0
0.0
0.00116126195927
0.00879241197734
0.0165497274939
0.0162270122303
0.0202316374236
0.0229678595694
0.0263100088542
0.0273779531401
0.0260152220285
0.0290515045872
0.0299802864131
0.0297225207811
0.0328658465138
0.0355406684208
0.0338375457826
0.0376594912247
0.0354879090931
0.027965355415
0.0213574456529
0.020174142565
0.0222791744285
0.019996237015
0.0195797484742
0.0206385202029
0.0278823806777
0.0228876152784
0.0200031292789
0.0187150303542
0.0075441951329
0.0020224790716
-0.000437989009387
-0.00162328897376
0.00109218129059
0.00094970454754
0.00431319731162
0.00309409929786
0.00400816698383
0.0040087719556
0.0041394604314
0.00321085007953
0.00124375160494
0.00941045079803
0.0152738478402
0.0164681755145
0.0151472947826
0.0141010380769
0.0131056706832
0.0124420924208
0.00779704458368
0.00497683696831
0.0111149358959
0.0141010380769
0.0154281946018
0.0145987217737
0.0135294209372
0.0130900138796
0.012077335919
0.00893907361796
0.00951381185609
0.0142505212046
0.0
0.0
0.0
0.0
0.0
0.0
0.0
0.0
0.0
0.00929009567417
0.0134866527503
0.0168290584666
0.0248047871981
0.0299236236013
0.0232918433372
0.0247940104611
0.0282230094205
0.0287974164894
0.024998518413
0.0246357582886
0.0228500208183
0.0232593774658
0.0251935313748
0.0218348118434
0.0138949089529
0.00962023914534
0.00467289784016
0.00660066577366
0.00184509492112
0.00156406679308
0.00327837687545
0.0129005599505
0.0154671818471
0.0263514977608
0.0318251974956
0.0296379568466
0.0216750782368
0.0104903302412
0.00462301417842
0.00471918515544
0.00701146643542
0.00617483573658
0.0110461784072
0.010521106798
0.00805222460847
-0.00209412330476
0.00383198034188
0.00481732936867
0.00768030546202
0.0115556391248
0.00454212077292
0.0107782479117
0.0136144059635
0.0125811080751
0.0100738559082
0.00763115001807
0.00016589456561
0.00016589456561
0.0100029817123
0.012773881552
0.0127032030776
0.0149785847181
0.0166587259971
0.0122200016416
0.00849079181713
0.0119401551722
0.0136155755062
0.0169859972221
0.0
0.0
0.0
0.0
0.0
0.0
0.0
0.0
0.0
0.00381557500904
0.012392150836
0.0288285938093
0.0354090319212
0.0191749447579
0.019738383697
0.0241689978426
0.0220088905963
0.0214413068713
0.0155887258095
0.00520211615928
0.00130562506898
0.00203021213606
0.0031645687344
-0.00568088156096
-0.0119693611578
-0.0184978944076
-0.0298888572312
-0.0215144344988
-0.0148768592318
-0.0152970025515
-0.00919656835625
0.00927640032541
0.00908573844224
0.0198804560148
0.0339545791053
0.0278965014406
0.015831820819
0.000715880034243
-0.00618614042157
0.0013947545097
0.00575535056933
0.0089693325956
0.00755976596629
0.00623750535764
0.00427405659134
0.00119791473431
0.00769448322401
0.0152544311872
0.0218305653028
0.0252586525148
0.0139112662547
0.00692999916226
0.00418076948464
0.00277265077002
0.000765864140754
-0.000910758958781
0.000113792081528
0.00146118223417
0.00911698370565
0.0119744548572
0.014186989973
0.0124777478118
0.0223437849775
0.0211292016157
0.024801684281
0.0268987377874
0.0236262260659
0.0217904143101
0.0
0.0
0.0
0.0
0.0
0.0
0.0
0.0
0.0
0.00199838158497
0.0187008167247
0.0372098848307
0.030284579975
0.024064919764
0.0244976948193
0.0166026998432
0.00635759545843
-0.00251408210631
-0.00145483795768
-0.0105229003484
-0.00898832342949
-0.0176624650129
-0.0304900349962
-0.0330936053567
-0.0284152933619
-0.0190244356147
-0.0114767976218
-0.00519531762631
-0.0007252972332
0.00199508241299
0.0027245050621
0.00444652824451
0.00312101385651
0.0173250865841
0.0254233546254
0.000966449812908
-0.0206826620578
-0.0210179706025
-0.0126670601881
-0.00447276731177
-0.00251666443068
-0.00238504482451
-0.00260849933467
-0.00368244558521
-0.00177522034963
0.00165158188948
0.00567558020993
0.0170423275717
0.0221701827802
0.0305504704782
0.0183359216352
0.00630018924766
-0.000648433363313
-0.00485631723758
-0.00842196696857
-0.009675844884
-0.00920121317652
-0.00330354687525
-3.5138938923e-05
0.0120558526612
0.00797678555971
0.00619422927548
0.0302586563194
0.0377870716258
0.0362108026061
0.0298669003046
0.0292896480967
0.0314427069982
-0.00042391054095
0.0
0.0
0.0
0.0
0.0
0.0
0.0
0.00260004485787
0.00453433580407
0.0283654369836
0.0335172262187
0.0340522238701
0.0195627035503
0.0192201165374
0.01024688899
-0.00806181618934
-0.00930804398254
-0.0215338822339
-0.0280960279215
-0.0290976733305
-0.0281570084445
-0.0295384181017
-0.0179317945841
-0.0104816003827
-0.00707456294129
-0.00312061218509
0.00198739556483
0.00344650855221
0.00349499346679
0.000261281351631
-0.000885407849431
-0.00213538597824
-0.00609428116508
-0.00771726213674
-0.0158499000496
-0.0223693603265
-0.0135864264338
-0.00906825975007
-0.00442540899739
0.000331463951613
0.00362287500473
0.00338253936357
0.00678483377731
0.00661406239657
0.00879064497167
0.0123978345005
0.00620237186923
0.0126922165282
0.0190071784644
0.021710559584
0.016571968908
0.00616660574206
0.00215707522241
0.00472066952893
-0.00664574866117
-0.0113757228461
-0.0116903949651
-0.0111265821406
-0.000306493214508
0.00361286267336
0.00480774972409
0.0342774411782
0.0331150578473
0.0218420448277
0.0205985828381
0.0239987272465
0.0326013234608
0.0
0.0
0.0
0.0
0.0
0.0
0.0
0.00165457400046
0.00391081127382
0.0185354698919
0.0244201428926
0.0224587927971
0.0154615394626
0.00224191804582
0.00195172829273
-0.0143996026383
-0.0249588762621
-0.0256343559584
-0.0262733286634
-0.0255405863393
-0.0185229123133
-0.018556059733
-0.0170855339755
-0.0136457660422
-0.00826440482131
-0.00421321003526
-0.00209936613954
-0.000116445277751
-8.95617181406e-05
-0.00442589560073
-0.00828946411217
-0.00849862395898
-0.00873660381517
-0.0168205667292
-0.0156201323585
-0.00985288991309
-0.0146062715553
-0.0121168310634
-0.0102837690217
-0.00752808050192
-0.00606623506571
-0.00617072438737
0.00485238969087
0.0108669920916
0.0128900233937
0.00771362438546
0.00988311102182
0.00369282970153
0.0137707713582
0.0265487735233
0.0173092614812
0.0160909812687
0.00896761479688
0.00886830546188
0.00778734678623
0.0023934372791
-0.0045733271714
-0.0023556658672
-0.00647494258864
-0.0051633781025
0.00487177142461
0.009571222381
0.019891956569
0.018937122081
0.0209490846847
0.0146869766733
0.017629558528
0.0225847480659
0.0
0.0
0.0
0.0
0.0
0.0
0.000150415818224
0.00333063597495
0.00480559472032
0.0209609803352
0.0172763346827
0.00208888228528
-0.00590341079965
-0.0114876966361
-0.0178396226729
-0.0276358494546
-0.0253697696127
-0.0159450337192
-0.0143996023491
-0.0167578128142
-0.0208591414049
-0.0210108038331
-0.0167475650788
-0.00854369062552
-0.00192341132521
0.000287502473343
0.00117083283134
0.00105511143489
0.000468202442236
0.000371198529152
0.00108650154865
0.00251493737589
0.000192515972961
-0.00907327993741
-0.0125515638722
-0.0111103717304
-0.0152807965925
-0.0167375140057
-0.0143711147807
-0.00955812424681
-0.00611242922118
0.00578911811229
0.0168022818988
0.0173323176281
0.0151555785599
0.00829357260856
0.00352097294774
-0.00311580352949
0.011869828683
0.0205243542419
0.00727859880054
0.0064022549021
-0.00252747015791
-0.00247124642582
-0.00161795576562
0.000138140320236
-0.000861169467796
0.0039706334367
0.00333765644548
0.00194807087316
0.00141541184031
0.00585463364752
0.0131063703285
0.0137000692208
0.0144181581865
0.0151855523834
0.020096287666
0.0242028978505
0.0
0.0
0.0
0.0
0.0
0.0
0.000601663272895
0.00381700201757
0.00653491287592
0.0183298186005
-0.000316648389341
-0.0197352525806
-0.0285141111187
-0.0273065803765
-0.0256450605791
-0.0291185270209
-0.0221621839004
-0.0169817419935
-0.0190925292443
-0.0232525125302
-0.0229915320551
-0.0184221624846
-0.0102678492697
-0.00233735279875
0.000836067220288
0.000851409684812
6.98586601407e-05
0.00319389245352
0.0065635633958
0.00771904979142
0.00950254167958
0.0106543823451
0.00254991728893
-0.00754656654785
-0.0121475540202
-0.0135890724911
-0.0152774245255
-0.0126992211215
-0.00484409901864
-0.00371498790521
0.00356116876571
0.00878460757142
0.0134848360144
0.00786418192507
0.00581776506006
0.00500434174497
0.00124411303965
0.00515217334772
0.0117380021706
0.00696633400361
-0.000583939637177
-0.00759419470178
-0.0190009909239
-0.016297205198
-0.0137002623699
-0.00421175732163
0.000135974161846
0.00339629405428
0.00673395588606
0.00463237818134
-0.000691526880172
-0.00923490006358
-0.00458289177632
-0.00190096568126
0.00224463102337
0.00338025831193
0.0035363868448
0.00877702893346
0.0
0.0
0.0
0.0
0.0
0.0
0.00116035059773
0.00407643022134
0.0161632105169
0.00189446361558
-0.0215107944146
-0.0353118940755
-0.0490046513808
-0.0404174152401
-0.0214213349219
-0.0215647505552
-0.0228024589618
-0.0227089149504
-0.0246292811978
-0.0232555835392
-0.0192447076255
-0.0144837706544
-0.00456373828804
0.00197297662894
0.00652680035943
0.00541825118586
0.00507517180153
0.00859129843795
0.0129492969924
0.0149716333009
0.0171664383233
0.0214689893413
0.012906806186
0.00194836870852
-0.00413217115762
-0.00963968402395
-0.00879748410767
-0.0114421948255
-0.00595604901691
-0.00148167585454
0.00461978324633
0.00528714101363
0.0100824993793
0.00935935057144
0.00685996369647
0.00478054429036
-0.000492476877112
-0.00220694087293
-0.00354969548752
-0.0146307219594
-0.0180554353091
-0.0311923669331
-0.0331967533132
-0.0276553701247
-0.0203365118364
-0.0158587318391
-0.0130194076911
-0.00118483582119
0.002528397147
-0.00160366552331
-0.0044680103096
-0.0117811594481
-0.0158055911672
-0.0133080895802
0.00332161532377
0.00987433764283
0.00861432849267
0.00907260757024
0.0
0.0
0.0
0.0
0.0
0.0
0.0015471341303
0.0138717794761
0.00262426553397
-0.0171230948449
-0.0366234213679
-0.047556236841
-0.0505654012396
-0.0293492473797
-0.0167075108468
-0.0184471861733
-0.0222148346837
-0.0243688281552
-0.0230844665346
-0.0186883597565
-0.0131048432734
-0.005733977561
0.00592503180176
0.0119219968948
0.0160756645713
0.0147879939896
0.0116185052107
0.0149266517201
0.0219830940214
0.0245927614033
0.0259997542012
0.0249079213776
0.0148674288776
0.000616640618574
-0.0125763244698
-0.0197888880051
-0.0248622213481
-0.0247368934619
-0.0140107228887
-0.0130381825765
-0.00356479560511
0.00124913894801
0.00633531431818
0.00686932057962
0.00683233133513
0.00114348760106
-0.00400447860909
-0.00526264205045
-0.00470803221572
-0.00609878114436
-0.00937887881874
-0.0128849223143
-0.0165416558159
-0.0249377486501
-0.0304253805367
-0.0276324224625
-0.0190519244082
-0.0147881205486
-0.00299201819918
-0.000618651575288
-0.0058115268287
-0.0193727481774
-0.0198397400122
7.57631402602e-05
-0.00105077681789
0.000759453254971
0.00219860493063
0.00388711079459
0.0
0.0
0.0
0.0
0.0
0.0
0.00713271412973
0.00757133367413
-0.0170636541911
-0.038559654023
-0.048317747798
-0.0463157456259
-0.0294306735133
-0.016140560386
-0.0163834758202
-0.0198039203039
-0.0230619270174
-0.022465048293
-0.017654288397
-0.00942332738917
-0.00328801992301
0.00445378351822
0.0119211336879
0.0138677028943
0.0148508449253
0.0110847772354
0.00883995249252
0.0124130471584
0.0206311914361
0.0224890844429
0.0213287991331
0.0125140529868
0.0029099842376
-0.0127347443945
-0.0242043662024
-0.0309855051791
-0.0307185452847
-0.0226453259008
-0.0173105097157
-0.0129803442161
-0.00455280122281
0.00157492736789
0.00254526536539
0.0042559202613
0.00288745062522
-0.00336255953655
-0.00668349161652
-0.00777278159993
-0.00972563572224
-0.00933649846915
-0.010926430019
-0.00865282369559
-0.0108122393555
-0.00931967248299
-0.00666835598181
-0.00641053335883
-0.0145061592713
-0.0214956310646
-0.020639759257
-0.0148424162545
-0.0196220030023
-0.0284633533473
-8.27925192934e-05
-0.00308243803863
-0.00678703365431
-0.00745151722616
-0.00247817452898
0.00110344837669
0.0
0.0
0.0
0.0
0.0
0.00589622396413
0.0104619423233
1.98455109329e-05
-0.0328032807508
-0.0460414387343
-0.0430230632383
-0.0204470498641
-0.0126500950322
-0.0135025773047
-0.0166084497219
-0.0197464037592
-0.0216971710497
-0.0182637722592
-0.00794137202821
-0.00107293775692
0.00190764403884
0.0073940068064
0.00592290423453
0.00937358504723
0.0106207958238
0.00957590168793
0.0068862659951
0.00987805600854
0.0162275308885
0.0208773017456
0.0162346218377
0.00786349331334
-0.000304341792365
-0.0165712325072
-0.0253928221823
-0.031972570786
-0.0302757489829
-0.0235484428077
-0.0165569732222
-0.00989416640629
5.24897971142e-05
0.000290835135303
-0.00217652037428
0.000633927202455
-0.000561982728822
-0.00331225587385
-0.0072998313659
-0.010131743381
-0.00973009197594
-0.0103746927215
-0.0127875201155
-0.0114812436669
-0.014534204827
-0.0116701446109
-0.00588777721999
-0.00479331762384
-0.00508329994966
-0.00308104202661
-0.00016016307388
0.00214499883617
0.00210157995293
-0.0012971682913
-0.0062528566019
-0.00863346096409
-0.0110828283211
-0.0148093756818
-0.0137464152682
-0.0115190275876
0.0
0.0
0.0
0.0
0.00462727958847
0.0103950360495
0.0117596177389
-0.0124448447945
-0.0411986388821
-0.046360287463
-0.0183514757008
-0.00951138407144
-0.00919709138472
-0.0120892633363
-0.0162607381842
-0.0180519220776
-0.0161610699681
-0.0109074371874
-0.000414057635002
0.00500144798505
0.00286068280416
0.00228969058946
0.00448579838559
0.00730080867142
0.0103126308227
0.00885266652156
0.00734800233215
0.0139548552003
0.0168668471206
0.0207667436265
0.0189548273773
0.00879942942257
0.00145200276525
-0.00750312409232
-0.0233122476087
-0.0324179486967
-0.0303953903718
-0.0207126024753
-0.014176472674
-0.00627757442873
-0.00382690101416
-0.00136002973971
-0.00330528825057
0.00123418582941
0.000922796375287
-0.00106526694136
-0.00667185048214
-0.0096957839157
-0.00829408195478
-0.0114202917753
-0.0122174447931
-0.0148593695619
-0.0159955522809
-0.0154479971482
-0.00712799809709
-0.00690836127721
-0.00566360896854
-0.00501253579734
-0.00106473715901
0.00152759282548
0.0014146388943
0.00113560159325
-0.00269458562025
-0.00669345940513
-0.00646988068819
-0.0094004159086
-0.0100751541214
-0.00983745981532
0.0
0.0
0.0
0.000210275830888
0.00487573994217
0.00613334306754
0.000729200661831
-0.0212353312851
-0.0417346047304
-0.0248672685634
-0.00701912997005
-0.00590116310999
-0.00927317717881
-0.0121967512412
-0.0164636165338
-0.016525682207
-0.0130551653662
-0.00508855045515
0.00450876067605
0.0042643036121
-0.00187783532948
-0.000850320030403
0.00420643600725
0.00616066975183
0.0107309259218
0.0106815074759
0.0112157065699
0.0170319608774
0.0195726804534
0.0239159601984
0.0183334053685
0.00902579030322
0.00292021611678
-0.00615029424818
-0.0234715658109
-0.0306772772187
-0.0262416854883
-0.018035696392
-0.0158166451351
-0.00480131596525
-0.00130874147121
-0.0018060121916
-0.00163339004455
0.00375291147685
0.00312213766782
0.00183613210295
-0.00102683533325
-0.00312603995729
-0.00410065972145
-0.00898083308476
-0.0117921890542
-0.0152026789763
-0.0156178680216
-0.0156121963461
-0.0075969887203
-0.00718654152122
-0.00708372295807
-0.00521144651168
-0.00241307906566
0.000947781238511
0.00147294369442
0.00224415353636
-0.00089297271552
-0.00681675732247
-0.00830496397812
-0.00862682983731
-0.00899874085604
-0.00792085647972
0.0
0.0
4.20551661777e-05
0.00373785322581
0.00956260949893
0.00409821530891
-0.0114570831102
-0.0240219889068
-0.0291412545409
-0.00869944141083
-0.00592318496082
-0.00567387982109
-0.00889961980036
-0.0112771772426
-0.0149642318108
-0.0136543465274
-0.00719237926838
0.00197129084966
0.00836503486253
0.00266457195789
-0.00134968887059
0.0014877236399
0.00738296147409
0.00917938899756
0.010378914878
0.0121085194814
0.0135561389054
0.0181941437403
0.0227773284557
0.0240780649709
0.0184321692152
0.0117954316065
0.00595952412001
-0.00781965798128
-0.0227312941652
-0.0215275613658
-0.0156213283184
-0.0114298305124
-0.00534584247531
0.0028282337024
0.00874047239316
0.00397261986379
0.00896516765398
0.00881972589594
0.00615808483495
0.00453174724854
0.00324057552496
0.00225962530051
-0.00190084496045
-0.00538879833087
-0.0103583806554
-0.0136991602067
-0.0160910644396
-0.0179362168924
-0.00825830538029
-0.0101918235245
-0.00971465075871
-0.0094660817873
-0.00501567388318
-0.000311963589896
0.000960141300639
0.00153542356047
-0.000647313395495
-0.0055276445754
-0.0109568978764
-0.00971608822551
-0.00791961779809
-0.00757176697102
0.0
0.0
0.000224560006867
0.00880475428508
-0.00479542099191
-0.00152715343974
-0.017020861584
-0.0229123066552
-0.00799494702057
-0.00556192675063
-0.00604882155487
-0.00616954141253
-0.00961324958381
-0.0113890288174
-0.0134754429641
-0.00977883323677
-0.00168349314942
0.0071753107542
0.00801837150859
0.00510757225249
0.00370736532308
0.00504063052115
0.011062111105
0.00968716260158
0.0110775910128
0.0130436695161
0.0151011819003
0.0197264546024
0.0256439995345
0.0272174436118
0.022322946671
0.0200020030942
0.0102209698189
-0.00675759707504
-0.0168435138339
-0.0110488748568
-0.00608279806344
0.00353217299855
0.00687507493615
0.0131548351807
0.0128056931396
0.0153642512671
0.0180140976336
0.0162860325086
0.0103363795916
0.00848516093302
0.00806701504446
0.00464855962159
-0.00131431106367
-0.0105112891805
-0.0135488080942
-0.0149999983892
-0.0180895267753
-0.0165306903583
-0.00637844931539
-0.00820991904919
-0.0114704619745
-0.0111484833762
-0.00577894411827
-0.0018514921431
-3.65412277025e-05
0.00248485216472
0.00032567490514
-0.00415095857496
-0.0110360133298
-0.0107244013444
-0.00735013279797
-0.00618906313466
0.0
0.0
0.00053323034609
0.00809905949258
-0.0109539760415
-0.0156597124734
-0.0163337022188
-0.00984815528257
-0.00101914261494
-0.00473692925408
-0.00497813670661
-0.00659233691274
-0.0100371502541
-0.0112035745736
-0.00992087277366
-0.00495739482706
0.00436212909032
0.0106033344116
0.0113387477364
0.00971499493141
0.00898132346444
0.0097874947433
0.0140293531368
0.0121326914398
0.0147939824777
0.0144458310919
0.0186122083974
0.0224228476755
0.0255505095879
0.0302159344195
0.0256366704969
0.0175543816622
0.0113240518543
-0.00512992180092
-0.0112691265488
-0.01016355605
-0.00691931850093
0.00128101931014
-0.000913666413396
0.00739384993254
0.0185030433408
0.016231050973
0.0169865961176
0.0162867410989
0.0101448985639
0.00458302901389
0.00331512251603
-0.00259661136257
-0.00510487746977
-0.014148247129
-0.0129688941868
-0.0136931442303
-0.0147684091244
-0.0143301070516
-0.0100761470679
-0.0121481942985
-0.0127265076068
-0.00915271811009
-0.00472499678468
-0.00163128296325
-5.96055077907e-05
0.00232390269379
0.00112819441295
-0.00218275094669
-0.00783953548391
-0.0102693388374
-0.00733004792048
-0.00687446221751
0.0
0.0
0.00219267426388
0.00755743952869
-0.0193356897204
-0.0143987096053
-0.00653430032404
0.00441684711152
0.00683547534214
-0.00304128998943
-0.00616689626758
-0.00775910120105
-0.0103003067964
-0.01015120973
-0.00841877559022
0.000381017177936
0.00908742430362
0.0128960411072
0.0154467827553
0.0134921755401
0.0141709670327
0.0138961551716
0.0164899697675
0.0159556832671
0.0158000367033
0.0146967342215
0.0180253132961
0.0243563392585
0.024585412932
0.029883554286
0.0255920461701
0.0136920105536
0.00873105857408
-0.0074834405956
-0.0183575084577
-0.0181544058705
-0.0147724672614
-0.0108380549911
-0.00148431596374
0.00614033455107
0.0147625865188
0.0170598422711
0.0163052152388
0.0125108505661
0.00330677698428
0.00118748873409
-0.00313962003594
-0.00369733101069
-0.00728595731082
-0.0121840453042
-0.00598937846513
-0.00662661402071
-0.00540449698671
-0.00841735400451
-0.00985687079896
-0.0123984129369
-0.0131005295596
-0.0094326620022
-0.00522078993622
1.09559194812e-05
0.00100856823055
0.00305583490939
0.00105585137817
-0.00100627430075
-0.00622428240176
-0.00969892364342
-0.00924904896975
-0.00804556771701
0.0
0.0
0.00278636623853
-0.00830014804699
-0.0180741377789
-0.0111035960017
0.00259139825655
0.00878496508875
0.0107553920895
-0.00219636574718
-0.00683348321054
-0.00817945961713
-0.00729614552918
-0.00705758849955
-0.00540969653654
0.00130167701484
0.0128050789775
0.013469352488
0.0161227968782
0.017734460045
0.0174389686905
0.0159888949491
0.0174543647118
0.0159522240489
0.0166547124076
0.0174291317949
0.0185656334286
0.0219975082011
0.025044462032
0.024053216787
0.020563931921
0.0126200932474
0.00725919067848
-0.0076454794897
-0.0161717413591
-0.0140419933997
-0.00977321341053
-0.0080490578975
0.00166483543679
0.0102106397151
0.014579285683
0.0202542735576
0.0160729445938
0.010780660127
0.00681567353496
-0.000213163118784
-0.000626038503532
-0.00504735439597
-0.0101063769246
-0.00771741563053
0.000252236978352
-0.00153198424755
-0.00264147864962
-0.0107149562405
-0.0106655890055
-0.0107570747678
-0.0117840436509
-0.00781528905994
-0.00229315925379
0.00104031827467
0.0045044791742
0.00466508117037
0.00285156370405
-0.00125427019209
-0.00453217288266
-0.0077662386972
-0.00891882799971
-0.00973368486301
0.0
-0.000121059984812
0.00246015028248
-0.012004664208
-0.0174229676021
0.0079492224949
0.00965435003039
0.00619704294572
0.00824632046192
-0.000983370371216
-0.00637297718368
-0.00741979573855
-0.00676437637195
-0.00485503090344
-0.000571389663749
0.00439616733642
0.0123785181975
0.015268005516
0.0163221003611
0.0174026810107
0.0173247608595
0.0176042390127
0.0158419618223
0.015551590315
0.0144569867702
0.0129472164548
0.0190069599722
0.0219367562771
0.0208238868474
0.0178770322226
0.0118943848615
0.00265844336797
0.000913993265032
-0.0180626663918
-0.0163225570611
-0.0097332720187
-0.00721184270113
-0.00438467539802
0.000352617452437
0.0106406896947
0.0172057610794
0.0230799095393
0.018199565123
0.0134665332268
0.00575869357952
-0.00852048275792
-0.00777259236063
-0.00632932407776
-0.0117015020536
-0.00560368612463
0.00109600935617
-0.00260460406927
-0.00688373289757
-0.0111007303093
-0.0140851408029
-0.010169488727
-0.00918388489512
-0.00603483841833
-0.00268323536505
0.00639003403593
0.00550197325948
0.00408548721569
0.00225484559671
-0.00075378067525
-0.00429689881003
-0.0067681413207
-0.00873221571707
-0.00968700578464
0.0
0.0
0.00172574617002
-0.00281384729961
-0.013295387532
0.0134238275645
0.00509868071583
0.00624142609725
0.0060047034698
0.000250289605897
-0.00457333970221
-0.00513970486753
-0.00436276580977
-0.00341181749577
0.00263781773113
0.00845439544019
0.0132645062694
0.0149234030589
0.0148846292892
0.0155053636391
0.0148927410266
0.0143144262172
0.0147250361483
0.0127660363721
0.0139734610481
0.0114671968898
0.0148566070618
0.0192125348833
0.0178433492225
0.0116298480291
0.00774320746426
-0.00282824287408
-0.00102264399268
-0.0140294111515
-0.0143421512102
-0.0112826125749
-0.00704557597425
-0.00535020425336
-0.000654807332394
0.00671352112247
0.0153049286493
0.0206581694288
0.0156584941594
0.0126523698282
0.00161480002212
-0.0102202899999
-0.0126218620262
-0.00959758283777
-0.0103944457402
-0.00634123550089
-0.000387600562706
-0.00219734576746
-0.00717858965824
-0.0137108484693
-0.0169831288514
-0.00918169775721
-0.0106459034171
-0.00806581700206
-0.00429968043555
0.00837663056774
0.00709492759783
0.00418540875143
0.000533996540079
-0.00129786742998
-0.00514665634955
-0.00602275490004
-0.00747500880674
-0.00947600992823
0.0
0.0
0.000706297601288
-0.00265748596472
-0.00513144144083
0.0154336500228
0.0112296055042
0.00617975307083
0.00706374126914
-0.00392422369004
-0.00625027405304
-0.00524454678758
-0.00311317477574
-0.00178250905397
0.0032829030421
0.0107500605021
0.0150122949744
0.0163931588222
0.0144031849074
0.0151929793934
0.0134747126887
0.0104843506077
0.0102356212911
0.00978756327778
0.00933237724162
0.00572001390134
0.009025370264
0.012733044133
0.0128654875389
0.0100876944582
0.00629023240784
0.00124379062319
0.00152655826801
-0.00779401513272
-0.00661380464747
-0.00268418334446
-0.00115390632031
-0.00297973435445
0.0025638977165
0.00508817604471
0.0102884025704
0.0184869988409
0.0184943061258
0.0110210946656
0.00234191769234
-0.0125870827655
-0.0127679315881
-0.00999078924191
-0.00943027006942
-0.00313362520088
0.00197993557398
-0.00138707194295
-0.00880611659523
-0.0133114919597
-0.0153539447687
-0.01233575754
-0.0135082235513
-0.0102476547622
-0.00422677907381
0.00746909097913
0.00576858008243
0.000661002581112
-0.00032346804316
-0.00197894159364
-0.00402775305442
-0.00511008260579
-0.0066755209079
-0.00801730143075
0.0
0.0
0.0023751742619
-0.0123846366087
-9.81814701436e-05
0.0117219420585
0.00534426971146
0.00339326293737
0.00662316164482
-0.00863233461596
-0.00655392814166
-0.0058915967476
-0.00360703287661
-0.00186635364683
0.00485591356511
0.00833266521473
0.0156719327917
0.0159901440763
0.0131316096103
0.0141977230467
0.0122810452102
0.0101275497628
0.00760713827056
0.00371531328148
0.00386122152662
0.000967692885874
0.00290758637023
0.0083484634515
0.0119161682833
0.0110259617146
0.0091198996246
0.00317391739715
0.0058945748473
-0.000610448552945
-0.00117766068975
-0.00191177671056
0.0019799937909
0.000682833127646
0.00347423311089
0.00710185645922
0.0149849027886
0.021792489127
0.019087887447
0.012262486705
0.00306863927353
-0.00890478673689
-0.0105113289427
-0.00571436157533
-0.00801405923645
-0.00243067126788
0.00176718581589
-0.00261931255023
-0.00753273435001
-0.0101561095075
-0.0171019804551
-0.0127535957411
-0.00888074562681
-0.00947784001967
-0.00471460223338
0.0048524918579
0.00157132017318
-0.00245320031876
-0.00202143713011
-0.00332403482537
-0.00637158649954
-0.00425315349699
-0.00494527180577
-0.00650886977421
0.0
0.0
0.000389452241192
-0.0185442316074
-0.00341711993563
0.00472016492241
-0.00161769906041
0.0010821323223
0.00570902815832
-0.0110408378699
-0.00864838254838
-0.00561149106903
-0.00521705167696
-0.00325112736128
0.00285870038353
0.00676572529908
0.0123684130783
0.0142177263858
0.0127488845745
0.0135624566027
0.00914714370594
0.008018197927
0.00653562644762
0.00198357887045
-0.000349615103159
-0.00225817484599
0.00112141873734
0.00592741361318
0.0102449842777
0.0129399453864
0.010338940514
0.00482566561006
0.000504778020102
-0.00201529921644
-0.00508231368234
-0.00330847926857
-0.00275012921431
0.000557890425346
0.00192754723122
0.00837447225997
0.0187389015517
0.0230485533175
0.0212846695449
0.020534022442
0.00895451340443
-0.00198106242927
-8.74565036707e-05
-0.00283000803759
-0.00653221200276
-0.00271873254273
-0.00103358611756
-0.00399775629817
-0.00682547161718
-0.00887803746978
-0.0207980758767
-0.0130412837682
-0.0087886684491
-0.0069624318904
-0.00189039004525
0.00403731255633
-0.00143306478679
-0.00484029158931
-0.0053030943657
-0.00559555453128
-0.00582353836778
-0.00350827041358
-0.00316420791635
-0.00479282774542
0.0
0.0
-0.00066212745068
-0.0195060695309
-0.0122245852075
0.00511711496754
0.00558972334954
0.000879831241184
0.000208841976048
-0.0151602449856
-0.0106122646843
-0.0082590876244
-0.00799973238265
-0.00377543906345
0.00162758413948
0.004461639753
0.00875863102651
0.0141581568563
0.0114536536854
0.0114393209437
0.0109055506997
0.008688335045
0.00690963013882
0.000858142603166
-0.00165347994397
-0.00490462582276
-0.0013520115407
0.00485874714705
0.0115919326039
0.0131325667576
0.00810502685517
0.00166095058588
-0.00335823903292
-0.00806632295852
-0.00954027750299
-0.0102125778382
-0.0100991686504
-0.00464332551648
-0.001700350756
0.00374550323436
0.0111626937503
0.0160284082192
0.0196438404414
0.017255795908
0.00838348717648
0.000631173651382
0.00518090337371
0.000979624927345
-0.00158239048955
-0.00392755333174
-0.000335075669234
-0.00150126517
-0.00728856000136
-0.00807172866433
-0.0152092779713
-0.0128824228005
-0.0096532378672
-0.00294554952698
3.73514463568e-05
0.00216226822736
-0.00202442085482
-0.00685505059357
-0.00872733011768
-0.00815183641926
-0.00479128794979
-0.00231419213519
-0.0021843700095
-0.00299464110873
0.0
0.0
-0.00021106659012
-0.0191262809085
-0.0204743282289
0.00415867481248
0.00258376375882
0.00360244957008
0.000869651925562
-0.0139621683992
-0.0116507566234
-0.0112318344517
-0.0104849530392
-0.00649049366208
-0.00105225647173
0.00401782736866
0.00662033885979
0.0126403092851
0.0109793760213
0.00919824782622
0.0114923658767
0.00885059635366
0.00595109442387
-0.0016445211148
-0.00249442181871
-0.0049812114287
-0.00308786313623
0.00383263053
0.0100025534422
0.0114303001734
0.00702235030706
-0.00175711350357
-0.00667449816105
-0.0138892129886
-0.0187178070679
-0.0188321011139
-0.0187528488109
-0.0165471522302
-0.0138795741318
-0.00417835525048
0.00294408600954
0.00704605395314
0.0125785040981
0.00846789040137
-0.000701049447252
-0.00695124572732
-0.00452864179139
0.00247026946563
0.00213777226596
0.000255712434713
0.00187414065933
-0.00141047419436
-0.00434312920026
-0.0065252864748
-0.0123275465494
-0.0111745361881
-0.00643886164206
-0.00530725627206
-0.00324181285922
-0.00175884381322
-0.00222322548598
-0.00703282452095
-0.00719865989419
-0.00638736960825
-0.00325084058585
-0.000729825809528
-0.00340076405504
-0.00583601545304
0.0
0.0
-0.000480628300111
-0.0183734346738
-0.0197066611685
-0.00389870344963
-0.00097852136102
0.000451692201581
-0.000264012593371
-0.0049981198751
-0.0165890291922
-0.0107616132173
-0.0119836286018
-0.00871483156471
-0.00521329583452
0.00150894464113
0.0034375774844
0.00849220830674
0.0104486402009
0.00861350545518
0.00939446375435
0.00694854397256
0.00264493446665
-0.00304138031054
-0.0046886462376
-0.00363402244624
-0.00411207343678
0.00089237829139
0.00888150793958
0.00960423841442
0.00385620821107
-0.00367994655811
-0.0116044846361
-0.0232733636065
-0.0289628142992
-0.0296490667498
-0.0348507793842
-0.0296565865012
-0.0257902279062
-0.0157871234939
-0.00605822357714
-0.00112051713847
0.00354633614697
0.00162599527368
-0.00522788473459
-0.0126388596503
-0.00656442895498
-0.000115894000406
0.00243375748443
-0.000678297828384
0.000350863721274
-0.00307308055264
-0.00321127993142
-0.00766881684895
-0.0103607609518
-0.0131867972218
-0.0088407298243
-0.00853551482345
-0.00613320410114
-0.0016139765807
-0.00148313851687
-0.00429180413484
-0.00442027157694
-0.00472946431469
-0.00246499464695
-0.00360789913648
-0.00909381467787
-0.0134566132816
0.0
0.0
-0.000237866323754
-0.01454912208
-0.0184874693317
-0.000746100173879
-0.00154785604016
0.00216997548255
0.00146304845424
-0.000296002359783
-0.0157534095891
-0.0145394189834
-0.0112390525442
-0.0121177307111
-0.00844696230618
-0.00092650993633
0.00493277789494
0.00557228620161
0.0077786245611
0.00611244090306
0.00566384707841
0.00553125034629
-6.70974446676e-05
-0.00489041610807
-0.00586484498431
-0.00486030021403
-0.00387887796333
-0.000182730286632
0.00879856563163
0.00749554880224
-0.00165752155168
-0.00691734243627
-0.0142521143077
-0.0235343506092
-0.0336365308643
-0.0372200637197
-0.0430947394404
-0.0383627996229
-0.0315764450765
-0.023222886725
-0.0132834726426
-0.00210040693889
-0.00470245742859
-0.00585171674035
-0.0144917147474
-0.0171126861465
-0.0130638956842
-0.00860828121454
0.00155149509575
-0.00366534834308
-0.00576731626896
-0.00584845389046
-0.00745519782543
-0.0108230221504
-0.0109090150425
-0.0154409531451
-0.0101136362173
-0.00830613224843
-0.00360108816301
-0.00182191767619
-0.00259648213852
-0.00779746353142
-0.0088495931406
-0.00748142661196
-0.00780616025295
-0.0101160148796
-0.0142134724236
-0.0122286466428
0.0
0.0
0.0
-0.00654172049154
-0.0205928851642
-0.000817434770896
-0.000639304837446
-0.00134241002951
0.00245199793404
-0.000337917002471
-0.0045524185691
-0.0164263100523
-0.0141294107051
-0.0118594241224
-0.00790890704045
-0.00249114220843
0.0036677572473
0.00330696266909
0.004218538583
0.00509844460771
0.00551313446592
0.00545736098334
0.00275969173555
-0.00510471767484
-0.00654513362922
-0.00511215548427
-0.00520325373368
-0.000864675812648
0.00613557236119
0.00360961326042
-0.00370336776091
-0.0088522327394
-0.0166788067343
-0.0185913932351
-0.0267844166702
-0.0338999013178
-0.0423632640711
-0.0358687464655
-0.0288237693752
-0.021613424492
-0.0168177206716
-0.00934300043465
-0.0113275668091
-0.0134904767197
-0.015868486758
-0.0175329317286
-0.00196632102237
-0.0046644021098
-0.00118351512082
-0.00264970205897
-0.0105428882615
-0.0133760369868
-0.0165981657124
-0.0152246024195
-0.0137364604297
-0.0212696359591
-0.013849004141
-0.0103036046706
-0.00564748428238
-0.00633935646776
-0.012066494082
-0.0159958765793
-0.0147388196989
-0.0125019638047
-0.0109606591677
-0.00872763375382
-0.00831769689475
-0.00662528494749
0.0
0.0
0.0
-0.00827812549011
-0.0160556803763
-0.000280585082629
0.000691097795256
0.00172664952113
0.00669946704349
0.00155666850094
0.00225645761534
-0.006083772897
-0.0155698788375
-0.0155164940476
-0.0108494601957
-0.00288053302806
0.00269032700043
0.00526542000231
0.00422132261534
0.00357747638387
0.00387791801354
0.00246415676571
0.000669207152649
-0.00538843006884
-0.00788832303624
-0.0065200875135
-0.00766239033095
-0.00543980948723
6.7735039724e-05
-0.0011991360276
-0.00487266135527
-0.0116203685143
-0.0187973785757
-0.0193599457549
-0.0211170855688
-0.0281672139328
-0.0329559486742
-0.0268902581442
-0.0195952131381
-0.0127593086083
-0.00787909111175
-0.0100275832178
-0.0112712973819
-0.00904740266664
-0.012061572504
-0.0169440239112
-0.00700129224084
-0.00685898966213
-0.00223383495186
-0.00337976032481
-0.00810839165978
-0.0151128644744
-0.0176066577921
-0.015726776048
-0.0132273763386
-0.0147867406198
-0.0102746873858
-0.00797575050064
-0.000894684060443
0.00100042489195
-0.00156688941642
-0.00187382027615
-0.00207595129292
-0.000882611701443
-0.000856572900627
-0.00216437357385
-0.00412187186702
-0.00585077917959
0.0
0.0
0.0
-0.00283273269611
-0.012721592005
-0.00744453209152
-0.00191201977866
0.00294879715687
0.00722001363877
0.00552237199298
0.00494387637805
0.00433214926977
-0.00764352886052
-0.0141125964434
-0.0133401591718
-0.00470900299905
-0.00143005058133
0.00272146319226
0.00274885494658
0.00213724395503
0.00236357214377
0.00126539811025
-0.00195954277552
-0.00681960727691
-0.00836652232275
-0.00970216299977
-0.00948323347706
-0.00877671500161
-0.00771373371489
-0.00713180873214
-0.00885721959412
-0.0129547201878
-0.0172570348425
-0.0183823039329
-0.0207340648644
-0.0273625899103
-0.026783854235
-0.0174096734441
-0.0101564792989
-0.00421093188192
-0.00347631075162
-0.00433531926158
-0.00715887159347
-0.009778692708
-0.00887245629749
-0.0146605686949
-0.0172427240596
-0.0138176134752
-0.0188176821308
-0.0108539359007
-0.00530393247718
-0.00361349770735
-0.00683171823211
-0.00913929783824
-0.0129184638784
-0.0131493635702
-0.006794229616
-0.00130576242142
0.0021469424464
0.00529399495845
0.00372530486478
0.00244348730576
0.000916912807409
-0.0016209997203
-0.00143055548013
-0.00262054953587
-0.00585353112751
-0.00803856306352
0.0
0.000169819685928
0.0
-0.00280524804249
-0.00160679406855
-0.014085597981
-0.0165265963226
0.001878774029
0.00951773663401
0.0104820584682
0.00816879112136
0.00778668775379
0.00646523557134
0.000301584960775
-0.0110363989896
-0.0103990300555
-0.00559436205393
0.000370689854578
0.000352953523396
-0.000567198477789
1.9255454506e-05
-0.00132016139197
-0.00469562099645
-0.0075761770137
-0.0120400250754
-0.0112755052653
-0.00986201517279
-0.0101364382391
-0.00871571982027
-0.00951724330571
-0.0119233512974
-0.012680142508
-0.0157718987416
-0.0123806567372
-0.0199840039563
-0.0216139317811
-0.0229184179466
-0.0168806361555
-0.00964720240642
-0.0046954473342
-0.000849094978024
-0.00910104289974
-0.00790865223768
-0.00996060993985
-0.00968376367508
-0.0123250813791
-0.0148217691943
-0.0205809626117
-0.0219776800292
-0.0143540269733
-0.00559029277561
0.000138798267919
0.00234369875294
0.00110260950172
-0.00735247512696
-0.00652590464951
-0.00142752287189
0.00170355593705
0.00237982778066
0.00256015876787
-0.00171732371579
-0.0116419402749
-0.00720287679994
-0.0125041213315
-0.00695660754688
-0.00386692278657
-0.00546956082286
-0.00661712112813
0.0
0.0
0.0
0.0
-0.00115043205009
-0.0175417225645
-0.0358403595466
-0.00333885051251
0.0106846119286
0.0140264718429
0.0114386179432
0.0091829946706
0.00861226102065
0.00800356680863
0.00419355072372
-0.00895348158319
-0.010967135084
-0.00702845658208
-0.00193527305886
-0.00362590764364
-0.00366884038067
-0.00268508240166
-0.00479262422122
-0.00793265747076
-0.0115233327414
-0.0126955494886
-0.0115776796444
-0.0115147410901
-0.0123937685009
-0.010684863956
-0.0151443900857
-0.0156975282383
-0.0167034732006
-0.0113493678781
-0.0196032431912
-0.0169683842705
-0.0216740336062
-0.0161624401168
-0.0110739215169
-0.00497294816168
-0.0103744141319
-0.0125130261452
-0.0101128566145
-0.010660461347
-0.0097063638656
-0.0134489178733
-0.0156139069875
-0.0171089072914
-0.0143449328077
-0.00741776324806
0.000751720854064
0.00821068890873
0.00667227183033
0.00881950676965
0.000781103454753
-0.00246910359387
-0.000739135154978
-0.00072496326669
-0.00125171378897
-0.00342024802693
-0.00571443580261
-0.00943289003362
-0.0158734088147
-0.0125593201299
-0.0199693372833
-0.0225829428151
-0.0226775284756
-0.0181200108396
0.0
0.000283032809879
0.0
0.0
0.00385851182508
-0.00879645408653
-0.0326583474715
-0.0163162457164
0.00859100426046
0.014733324193
0.0151022747335
0.0121131076834
0.0106798849409
0.00867727493167
0.00754250415028
0.0062804573638
-0.00242956610195
-0.0120998675947
-0.012208594393
-0.00714548434548
-0.00411442116917
-0.00464451013051
-0.00554243084887
-0.00754446066085
-0.00913210546332
-0.0105746663408
-0.0112823494621
-0.01076424768
-0.0132200236131
-0.0144307913273
-0.0146404651909
-0.0162926066624
-0.0108849446901
-0.0105527938649
-0.0199927002004
-0.0154399352216
-0.0138952536095
-0.0131258376294
-0.0103942381735
-0.0121328702875
-0.0127736272307
-0.0121336971349
-0.00948123882784
-0.00973078215614
-0.0105714412477
-0.0135887634135
-0.0138024609008
-0.0142700107647
-0.00763103319662
-0.00129575091773
0.00479060745864
0.0103695495545
0.0110874463786
0.0112502636468
0.00526962502477
0.000795549136637
0.000652344170856
-0.00800214991869
-0.0123516106719
-0.0136974962427
-0.0147714274364
-0.0162471101738
-0.0140258207219
-0.0167288580249
-0.0164355245066
-0.0223251003245
-0.0203300095017
-0.0179795649579
0.0
0.0
0.00300014778472
0.00181565439778
0.00547446990369
0.000878241980926
-0.01752383728
-0.0298173463085
0.00271812471139
0.0154213506582
0.0167280690717
0.0152963648625
0.0131728108435
0.00990431557416
0.0074018466471
0.00656382028272
0.00586406159784
1.75069710994e-05
-0.0154073470336
-0.0147113315783
-0.0111288176751
-0.00596681182949
-0.0054344400885
-0.00562400630019
-0.00639403981457
-0.00726527708344
-0.00879043679618
-0.00867949790461
-0.00929388034249
-0.0125235755691
-0.0145531811301
-0.0140814789225
-0.00950699739413
-0.0106848205828
-0.0224313265117
-0.0194350522883
-0.0182178324079
-0.0197482838752
-0.0154532605675
-0.0142289474991
-0.0143341245386
-0.0135947866705
-0.0126802774145
-0.0121451078575
-0.0128028018911
-0.0140356898144
-0.0085157876293
-0.00730458231787
-0.00581406761371
-0.00504559705513
8.79946498117e-05
0.00784005416369
0.00992192565075
0.0107970449032
0.00360246182444
0.00135875298652
-0.00718379938118
-0.0126301994267
-0.0192901120923
-0.0213409529159
-0.0218195762204
-0.0201569877036
-0.0180304693017
-0.0195814966974
-0.0241172337075
-0.0250278577324
-0.0237255909674
-0.0197596484799
0.000622672181735
0.000113213123952
5.66065619759e-05
0.00322657403262
0.00737605686932
0.00594471769178
-0.00819471726738
-0.00903111912695
-0.00175265716078
0.0205081393728
0.0194262765507
0.0162234647617
0.0145570749094
0.0109241121374
0.00784711938382
0.00681057173198
0.00499360775186
0.00666261080933
0.00225283424265
-0.0140346251756
-0.0156382720724
-0.0125451689272
-0.0107978927054
-0.0074144251211
-0.00520789336467
-0.00613866528632
-0.00643589567784
-0.00443472401669
-0.00513921853728
-0.00749458851237
-0.00769302100289
-0.0076608120232
-0.00929404406019
-0.0114258237581
-0.0192788429311
-0.0178383347908
-0.0237413367104
-0.0158739934984
-0.0170519496625
-0.0170777930449
-0.0158943668061
-0.0132340016957
-0.0119429332854
-0.0114389491489
-0.00935783240513
-0.00980537574981
-0.00441928301477
-0.00441877091237
-0.00521250848144
-0.00414759311934
-0.00445856856803
-0.00144351335666
0.00125993038574
-0.00145322021095
0.0025602169796
-0.00697250464778
-0.00780174186508
-0.0053704595891
-0.00695353862245
-0.00947125401963
-0.00935057453561
-0.00986697276315
-0.0205414122586
-0.0225414868297
-0.0284352422857
-0.0269625992722
-0.0274416496453
-0.0255753549311
0.0
0.000509459057783
0.00107552467754
0.00447191839609
0.00860230378228
0.00761177913777
-0.00234277358732
-0.00214557336436
0.0113122986757
0.0149726121617
0.0223193342236
0.0132217293376
0.0142120018609
0.014418217963
0.0107407568905
0.00740511091834
0.00642492255205
0.00628535647984
0.00812883036203
0.00624293019358
-0.00194708989449
-0.0150895523022
-0.0166771102097
-0.0131121690332
-0.0122369194501
-0.0122444903731
-0.0120293509305
-0.0119136791911
-0.0103165074631
-0.00764203977364
-0.00424182743971
0.000941943816671
0.000529845222634
-0.00704751749209
-0.0146870989453
-0.0121516810061
-0.00999535567417
-0.014170309068
-0.0178358508562
-0.0180039059264
-0.0168707618719
-0.0114891070838
-0.00707786689389
-0.00501904285773
-0.00422671919522
-0.00431383978581
-0.00623939081605
-0.00532354391639
-0.00364787012085
0.000868686002177
0.00639227537476
0.00906926296621
0.0031035682677
0.000241273398456
-0.000915077882055
-0.00539571565986
-0.00442556396854
-0.000588218375568
0.0018316619351
-0.00304575724026
-0.0019675443835
-0.0111347085725
-0.0145414094537
-0.0213298446119
-0.0250807888536
-0.0316900464032
-0.0365487709181
-0.0260756803945
0.0
0.0
0.000566065619759
0.00407567246226
0.00871741054428
0.00895467800616
0.00699272206243
-0.00225823745419
0.00806602981533
0.024324355172
0.0301218296365
0.0150991281749
0.0131246094053
0.0146263781189
0.0141285630458
0.010540047958
0.00798681516729
0.0081203724777
0.00877257256017
0.0095548388012
0.00672883815238
0.00160644357968
-0.00852889340388
-0.0168239057853
-0.0178794671577
-0.0175752903714
-0.0167410995692
-0.0172020422425
-0.0205550973953
-0.0198555692007
-0.018580259193
-0.0143378486079
-0.00331640913652
-0.0035701558576
-0.00995843671585
-0.0115248794923
-0.00505004623601
-0.00509471803796
-0.00862613252496
-0.0080928554906
-0.00443462427666
-0.00151920872331
-0.00162845263208
-0.00234099810297
-0.00437930172487
-0.00625848081411
-0.00750199738388
-0.00429651007408
0.00783514873381
0.00480923425714
0.00580581680744
-0.00275381207619
-0.00464981025611
-0.00384563807352
0.0033804849696
0.00832130306617
0.0156253257681
0.0211665260904
0.0185065938646
0.0117793247091
0.00988750187284
-0.00993468949245
-0.0224287558718
-0.0190367091051
-0.0093477166524
-0.0152805757358
-0.0138751174667
-0.006631412276
0.0
0.00175480342125
0.00254729528891
0.00605690213142
0.00928347616404
0.0105288205275
0.0096231155359
0.00951351751834
-0.000676853620346
0.0113649613504
0.0272029138294
0.0116575531103
0.0123235091572
0.0146589013205
0.0137285918399
0.0131242608897
0.0114028049152
0.0103088349151
0.0093342863921
0.00955265839555
0.00939890238086
0.00505953228787
-0.00037544758378
-0.00173856813448
-0.00471766769582
-0.0072175124036
-0.00464049983185
-0.00710845487437
-0.0186721007926
-0.0223112122232
-0.0215334645106
-0.0196620725174
-0.0123061710976
-0.00816194359996
-0.00878122109561
-0.0113564864699
-0.00860013031925
-0.00171190182344
0.0063556641321
0.00531203041713
0.00509021448468
0.00454726103901
0.00205436023221
-0.00130410467816
-0.00315849051942
-0.00668108784961
-0.00784523680483
-0.006423443922
-0.00439197804016
0.00733152047184
8.62577676597e-05
0.00182216818161
0.00398589926366
0.0135704387446
0.0118937301869
0.0167058849268
0.0171749878145
0.014148112291
0.010089892657
0.00113851032515
0.0125957546696
0.00386540898656
-0.00670005739673
-0.0211256585055
-0.0184591674144
-0.0122898101457
-0.00942707943218
-0.0144864121829
0.0
0.000792491867662
0.00566065619759
0.00860419742033
0.00950990241195
0.0100759680317
0.0103590008416
0.0102457877176
0.0110900687422
0.00733036210743
0.0150748350952
0.00245802658425
0.005444774534
0.0130203452012
0.0134207658383
0.013081958878
0.0133749906498
0.0122134925823
0.0106860783954
0.0105133743463
0.0106368279639
0.0101769455029
0.00605168689101
-0.00116437465289
-0.00480317159768
-0.00737542860467
-0.00899618688392
-0.00803550801176
-0.00886684949191
-0.0086213327557
-0.0143199551096
-0.0134040337341
-0.0111715188769
0.000172811338216
0.00566542008644
0.00429975093192
0.00390279510273
0.00189600733656
0.00506857195651
0.0066225092489
0.00749073405558
0.00164790560993
-0.00345405498253
-0.00318406904191
-0.00570419987802
-0.0106431539381
-0.0121017616177
-0.0146876773231
-0.00490214114616
0.0173422729567
0.0188095810781
0.0163459237596
0.0199016552486
0.0188416893719
0.0143179890267
0.00307974565106
0.00494956208469
0.00296398303121
0.00384240391481
0.00332327365427
0.000861609550636
0.00891525709384
0.00237131628562
0.00408905534259
-0.0067102139142
-0.0119559457785
-0.0135866708949
-0.0144830294054
0.00096231155359
0.00390585277634
0.00701921368501
0.0082079514865
0.00967972209787
0.0106420336515
0.0104722139655
0.00913065979524
0.0107552467754
0.0102457877176
0.0107311597502
-0.000840950744246
-0.0158269246226
0.0121118681011
0.0125793240763
0.0134266592885
0.0127873750204
0.0126732739418
0.0144785257164
0.0122603437347
0.0117487407297
0.011129704569
0.0105231219844
0.00942367830658
0.00567444674632
0.00081594669451
-0.00504254168811
-0.00809291152311
-0.00911768772026
-0.00831496994503
-0.00776700190416
-0.00732339144086
-0.00856650013687
-0.00945295386554
-0.00938091994547
-0.00358732356273
-0.00386405489953
-0.0037818795606
-0.00374052596616
-0.0158856060972
-0.0222994484216
-0.018554091709
-0.0153814991909
-0.0128605745511
-0.0149339404215
-0.0152630628827
-0.0098900834261
-0.0121941059436
-0.00152475015003
0.0169922482724
0.00636072873645
-0.00296900381412
0.00180009269344
0.000980994795795
0.00369649579282
0.00627943215091
-0.000343662066969
-0.000444958149567
0.00264546448727
0.00628526872097
0.00263134036445
0.00924015273695
0.000724652068764
0.00743842064638
0.00355966638217
-0.00117956146027
-0.00789499437381
-0.0131804522228
0.0
0.00345300028053
0.00701921368501
0.00973632865985
0.0103590008416
0.0101891811557
0.0104722139655
0.0110948861473
0.0104722139655
0.0106420336515
0.0109816730233
0.00787931439863
-0.00826478300422
-0.0047571445656
0.0100751976837
0.015376850924
0.0129860799928
0.0111905577526
0.0131175036397
0.0140232969245
0.0146528595358
0.0134304600976
0.0119240088141
0.0109615726588
0.010581676781
0.0107979337479
0.0110302973781
0.0101216749746
0.00910000868274
0.006966661802
0.00720678921396
0.00686410828117
0.00580648819705
0.00602550630289
0.00821753505451
0.0126388427266
0.0108115717895
0.0112533178603
-0.000911020791853
-0.00670981520698
-0.0133665202925
-0.0124071717104
-0.00592095225868
-0.011950722852
-0.0132832030836
-0.0146924993131
-0.0115716127979
-0.00755263143737
0.000245549248954
0.000416615920444
0.00884704006112
-0.00387557054882
0.000425936120963
0.00374963051325
0.00490033880636
0.0021011764403
-0.00368364034116
0.00675092716309
-0.00246616620711
-0.00196951144787
-0.00167159422384
0.0117934307867
0.00214942107694
-0.00217840826203
0.00460855963493
-6.72357293597e-05
-0.00136497996732
-0.0096293231088
0.00379263965238
0.0051511971398
0.0082079514865
0.00945329584997
0.0105288205275
0.0105288205275
0.0104156074036
0.0107552467754
0.0109816730233
0.0101891811557
0.0109541243432
0.0104722139655
0.00372812795907
-0.00514348500851
0.0110844128364
0.00749327795137
0.0148270633889
0.00610959043199
0.00936248610042
0.00989640642989
0.0118105081106
0.0149455430477
0.0153517048595
0.0138913974375
0.0128797723969
0.0129848985084
0.0112590322207
0.0100238027274
0.00943448931278
0.00887796454106
0.00969457696144
0.00971056333983
0.0105245799438
0.0121037751264
0.0175945382941
0.0248337538369
0.0260785907358
0.00971979166577
-0.0051818209885
-0.0090620176826
-0.0177817146929
-0.0148332361947
-0.0190669240062
-0.00799360780749
-0.00516561233758
0.00139255004764
-0.00523167515813
-0.00594573799595
0.00220662290594
0.00425687969074
0.00765128429106
0.00300633168037
-0.00674400712255
0.00241091683549
0.00332229137906
0.00721544840544
0.00359207278433
0.0049377586136
0.00107109604469
0.00206565027111
0.00027204186043
0.00644615721555
0.00750845941331
-0.00182357128984
0.00554890878594
0.00151990429437
-0.0028624432695
-0.00861513038972
0.00096231155359
0.00566065619759
0.00724563993291
0.00683343140201
0.0101891811557
0.0106420336515
0.0105288205275
0.0109816730233
0.0103590008416
0.0106260971739
0.0107552467754
0.0105288205275
0.0110382795853
0.00458800768757
0.000249187174445
0.00381257694265
0.00438746847633
0.00884573061313
0.00356579766189
-0.00426995395758
0.000296773705486
0.00638996001723
0.012194755564
0.0135441025898
0.0131703423591
0.0139521837105
0.0148970410135
0.0138674969766
0.0109849844928
0.00993083558043
0.0096811829896
0.00995242333116
0.0151666622462
0.0186121879353
0.0197417408152
0.0162104814309
0.00961727771468
-0.00484697343079
-0.00676841486638
-0.00540947300518
-0.00634933774129
-0.00586064121015
-0.0123477489743
-0.00886879175611
-0.00215839248878
-8.94820383208e-05
-0.000786573249876
0.0110535047859
0.0159943139112
0.0153409369859
0.00790238707263
0.00821353584733
-0.00510463941695
-0.00172043464128
0.000727586419567
-0.00177597984517
0.00281381924268
0.00315315039594
0.00435936766636
-0.00338564842191
0.000260792159687
-0.00145810726477
0.000500503426785
0.00771609339071
0.00307504138289
0.00169406968547
-0.00182902513096
-0.00987883892996
0.0016415902973
0.00464173808202
0.00866080398231
0.00388527322058
0.0106986402134
0.0105854270895
0.0109250664613
0.0106986402134
0.0107552467754
0.0107552467754
0.0103507695445
0.0109250664613
0.0109816730233
0.0110948861473
0.0110382795853
0.00649897794133
-0.00370605862063
-0.0138525171602
8.86505451356e-05
0.00372319441196
0.00434341193041
0.00495020308219
0.0102659791319
0.00707250604468
0.00810732848494
0.00993210977075
0.00955595688869
0.0061808760412
0.00646731721923
0.0120170078281
0.00990887299626
0.00915572727286
0.0162964582991
0.0281097317479
0.0302183351497
0.0324936577068
0.0085568432118
-0.0152896901311
-0.0107913135233
-0.00593354295954
-0.00280235025231
0.00109631456238
0.00146197178264
-0.000809036169152
0.00265888099553
0.00401848055256
0.0197809705253
0.0148023782201
0.00295246149811
0.000284754713749
-0.0014508765438
0.000563121372376
-0.000882449872601
-0.000308152955763
-0.00394568295138
-0.00405242778805
-0.00330368233451
0.00247223026963
-0.0038653790055
-0.00197668606818
0.00196537643919
-0.000288970037213
0.00237409313781
0.00533968546159
-0.00156993642267
0.00251177851477
0.00376913409429
-0.0124226370517
0.00249068872694
0.00481155776795
0.00741545961884
0.00973632865985
0.0103023942796
0.0108118533374
0.0106420336515
0.009175501592
0.0113779189572
0.0101050259136
0.0109250664613
0.0108118533374
0.0110382795853
0.0111514927092
0.0107552467754
0.0114911320811
0.0114911320811
-0.00275552233915
-0.0166226871084
0.00419803857216
0.00966999334795
0.0126122055387
0.0136920949357
0.0102445199192
0.0105635971333
0.0109078465374
0.00759617094654
0.00781062849478
0.0106325103747
0.0108322260599
0.0103287157871
0.0193402616473
0.0388650747406
0.0289107730896
0.0171900133282
0.00217319640475
0.0123370710117
0.0114081154667
-0.00903981613466
0.00276639789033
-0.00119826609321
0.00291042311696
0.00416640101779
-0.0041357284914
-0.0021744280406
-0.00547409159113
-0.00535492524437
0.000293186556659
-0.000955774537187
0.000190331179175
-0.00882602779821
0.0106007795244
-0.00253787893593
0.00220677226091
-0.00502235710139
0.00430156715701
-0.00317185172184
-0.00215917002002
-0.000571811578547
-0.000868784253373
0.006834715844
0.000465097290119
0.00341203060608
-0.00626279325933
-0.00020023046387
0.00776140421234
-0.000345757746694
-0.00178448084309
0.0
0.0035096068425
0.00649264634033
0.009396689288
0.0103023942796
0.0111514927092
0.0104156074036
0.0107552467754
0.00959669162144
0.0105416696232
0.0107552467754
0.0109816730233
0.0113213123952
0.0109816730233
0.0107552467754
0.0110382795853
0.011717558329
0.0111490840067
0.00676509351587
-0.00283910928357
0.0044188984802
0.0260541859286
0.0270832287871
0.0261224914223
0.0237333734606
0.0264770897756
0.0153549300614
0.0171057912849
0.0275466332915
0.032134567189
0.0260984873251
0.0339655228272
0.0262856178268
0.011072022614
0.0118375675785
0.000771896795167
0.00140152787547
0.0027259765548
-0.00426946254201
0.00046568340923
-0.00204801859248
-0.00379033012816
0.000443175036114
-0.00484025374959
-0.00559756749443
-0.00250083464617
-0.00459866617622
0.00587575328625
-0.00654658726928
-0.0038306772648
-0.000829995988381
0.00059307208144
0.00647043568408
-0.00312700992508
-0.00607010061798
-0.004365933045
-0.00199789708923
2.32401719851e-05
-0.00331957792051
-0.00537188071235
0.00718587500497
-0.00130051592127
0.00232307952624
-0.000784392694262
-0.00116192006395
-0.00166472600466
0.00462373829217
-0.00633647014854
0.00101891811557
0.00362281996646
0.00667957431315
0.00934008272602
0.0107552467754
0.0102457877176
0.0108118533374
0.0110948861473
0.0109816730233
0.0108641575588
0.0110382795853
0.0108040064765
0.0111514927092
0.0110948861473
0.0105854270895
0.0114306003988
0.0105239920703
0.0110107309052
0.0113213123952
0.00738146187122
0.0117431199098
0.00493166580927
0.0152417501582
0.0148066146908
0.0153510063039
0.0145826957298
0.0137155082491
0.0135318463242
0.016556471015
0.0118729524311
0.0185797672013
0.00757797596766
0.0156502715823
0.0103086028001
0.010821195928
0.0124216884513
0.0212611841884
0.00340912270419
0.00172869923156
0.00158065684916
0.00385405374852
-0.00814144625601
-0.000171151305697
-0.000173472304777
-0.00324952777148
-0.0022906261267
-0.00718492594748
-0.0013262720387
-0.00523270902754
0.00349907833322
0.000587118858629
-0.00163987852967
-0.00118177444585
0.00107467437844
-0.00372450169414
-0.00246138958464
-0.00189585300486
-0.000613158443163
-0.00140222958393
-0.00552495513849
0.0041213412731
-0.00266105715852
-7.13071099016e-05
-0.00365504603646
-0.000475788596739
0.000239646187244
-0.00415026270649
0.00156897574279
0.0
0.0016415902973
0.00662296775118
0.00643277472453
0.0103590008416
0.0103023942796
0.0109816730233
0.0110382795853
0.0105854270895
0.0109816730233
0.00803542224635
0.0109816730233
0.0111514927092
0.0109816730233
0.0107552467754
0.0111514927092
0.0111486995705
0.0109714174599
0.0112080992712
0.0114868297405
0.0123284551498
-0.0028758170837
0.0116585430645
0.0123772114711
0.0128971051224
0.0135002885869
0.0106406199752
0.0175106167817
0.0196278160366
0.00882766922479
0.0133713605498
0.00933039405867
0.0129959585325
0.00920685777515
0.0128552649528
0.0117852548131
0.0149114951449
0.000830852280389
0.00156515927864
-0.000500849158272
0.00293438150223
0.00223453971063
-0.0102667302134
-0.00249679242583
-0.00123666833989
-0.00648240714309
6.47222382866e-05
0.00153615644517
-0.00590785426139
0.000706823164113
-0.00160479095567
-0.00752330078437
0.00207029160599
0.000277609366271
-0.000775272948632
0.00173285457069
-0.00513147425074
-0.00187563612117
-0.000719802869924
-0.00494398751333
-0.00406669144893
0.000691879864112
-0.00149949554438
-0.00371798642128
0.00212344413811
0.0032250811529
-9.9012608586e-05
-0.00170784587177
0.0014151640494
0.000407527901683
0.00498137745388
0.00900044335416
0.0101891811557
0.0111514927092
0.010722259937
0.0109250664613
0.0109250664613
0.0106420336515
0.0108684598994
0.0111514927092
0.0108684598994
0.0106589423319
0.0110948861473
0.0101800503579
0.0131969404205
0.00905683925757
0.0116043452051
0.0114911320811
0.011660951767
0.000703948884305
0.0118834528946
0.0111010063882
0.0125997125987
0.00899190782561
0.00972969108544
0.0122152420258
0.0121625605842
0.0107219380637
0.00921077395323
0.0150804186865
0.00899359382315
0.0118830756744
0.00653214591177
0.00697021478229
0.00470579313195
0.00643694445859
0.0096467234362
0.00996466041562
-0.000357950183177
-0.00623492810323
-0.00681751014393
-0.00281380709953
-0.00175050000505
-0.00448626002418
0.000348827536552
-0.00624251760903
0.00138677598448
-0.00593432247066
-0.00473609906547
-0.00447420742244
0.00139780842622
-0.0048159900582
-0.0034310867379
0.00289669148178
-0.0048305098709
0.00954543318605
-0.00445382407588
-0.00383879643432
-0.00148059117058
0.0054841334663
-0.00323979567833
0.00220334484978
-0.00103098524322
-0.0095804543985
0.00310308203574
-0.00797913925839
0.00135855748742
0.00115177513271
0.00367942652843
0.00769849242872
0.0103590008416
0.0104722139655
0.00665790326911
0.0105288205275
0.0109250664613
0.0107552467754
0.0109816730233
0.0112647058332
0.0111514927092
0.0111514927092
0.0112080992712
0.0111328752205
0.0072510926976
0.0112628121951
0.012874895168
0.0115964983442
0.0114911320811
0.0110598171165
0.0115946047061
0.011717558329
0.00911810112994
0.00700741885069
0.0133238225435
0.0116043452051
0.0119439845769
0.011660951767
0.0126126855631
0.0152645976062
0.0118854843769
0.00762968773151
0.00832083006874
0.00785650901136
0.00644581000455
0.00969773360953
-0.000921211484612
0.00432044845424
0.00845610916849
-0.00668160935076
-9.62118514233e-05
-0.00696907222961
0.00113353077196
-0.00225146277486
0.000135529429064
-0.00592314283533
0.00182334530547
-0.00220116932417
-0.00649473680656
0.00606059632984
-0.00075289996626
0.00192714488586
-0.00452303311806
-0.00438540222422
-0.00442899850975
-0.000393011928265
0.00157994308532
-0.00163865112456
0.000184568275838
-0.00067172315062
-0.00661828907842
-0.00170734534325
-0.00971548163602
-0.00829593519224
-0.00944341516608
-0.0104095015111
0.000113213123952
-0.00193696374702
0.00124534436347
0.00611350869339
0.00418216404015
0.0101325745937
0.0108118533374
0.0110382795853
0.0110948861473
0.0101901146527
0.0110382795853
0.00357467796422
0.0108118533374
0.0109222733226
0.0107552467754
0.0101627572412
0.0108118533374
0.0110689368622
0.011660951767
0.0121766144993
0.00569817081592
0.0133765039851
0.0109446819471
0.011717558329
0.0132145345398
0.0129502934527
0.00484346491733
0.0104952534826
0.0127222716695
0.010966585623
0.00692827181308
0.010026236472
0.0121985270165
0.0127000432205
0.0147804104006
0.00493325920475
0.00157091391178
0.0106311289616
0.00176307965931
0.00751570927401
0.0027307636219
0.00641211820447
0.000283912775078
-0.00330321755662
-0.000756230395203
-0.00632110386602
0.00289522655361
-0.00167838936353
-0.00727107522387
-0.00163065755003
-0.00652781673796
-0.00151948602417
0.000380688265896
-0.00490536729707
-0.00259160158219
0.00123081832697
-0.00873416015975
-5.77496552404e-05
0.000160678166601
-0.00373768102453
-1.95496565123e-05
-0.00795200743999
-0.00427319861044
-0.0128607906417
-0.0119655706473
-0.0127869787165
-0.00300170617188
-0.0151310360154
-0.00017110362284
0.00316996747065
0.000963621148997
0.0051511971398
0.00823700936841
0.0104053518402
0.0106420336515
0.0112080992712
0.0109816730233
0.0111514927092
0.0104446652855
0.00984230462408
0.0106986402134
0.0114345255191
0.0108118533374
0.0106486867685
0.00650967904045
0.0115477386431
0.0100438632031
0.0143529350757
0.00832402384282
0.0111239440292
0.00702971295585
0.013602930233
0.00840402978689
0.011830771453
-0.00379288361707
0.0159215290312
0.0145865222657
0.0119796608888
0.0132844985024
0.0121098791425
0.00391302251688
0.0100829457599
0.00985915266426
0.0106962036176
0.00204307703104
0.0167297583081
0.00922092508493
0.00382096621243
-0.00482001790879
0.0121791445731
-0.00266406807635
0.0109677822119
-0.00691085219986
-0.00430458060054
0.00350300295899
-0.00202248063085
-0.0093167716035
-0.00434816646957
-0.00264319974226
-0.00358969311293
-0.00176470831095
-0.00433485765634
-0.00289773058883
-0.0072088119858
-0.00528464246744
-0.000874393324766
-0.00603447147425
-0.00150054972112
-0.00288786792399
-0.00355837848815
-0.00697718649101
-0.011497561125
-0.0131118715184
-0.0144826855812
-0.0128087958679
-0.0155584977658
0.0
-0.000789048592653
0.00276701049372
0.00430209871017
0.00747206618082
0.00990614834578
0.0105012718474
0.00501800700344
0.00833036150185
0.0112080992712
0.0105012718474
0.00616965523237
0.0113213123952
0.0113213123952
0.0112080992712
0.0113779189572
0.00621600623096
0.0113213123952
0.0117136332087
0.0104167321692
0.00320438133899
0.011774164891
0.0109587247866
0.0119400594566
0.00409846401225
0.0131013214159
0.00574805573906
0.0143757964991
0.00607892204472
0.00910192149413
0.0134809466562
0.00599612171554
0.0140381886095
0.00781603096193
0.0144773242444
0.0164702986344
0.00805650120548
0.0116456001328
0.00652736631313
0.0145306239594
-0.00160070865792
0.0107370617765
-0.0060969841918
0.00265920862571
-0.0023786975208
0.00642345283914
0.000703470588632
-0.00423594458311
-0.00219149882127
-0.00643808549336
-0.00926491657202
-0.00525861020515
-0.00252218689716
-0.00351518955868
0.00126247631821
-0.00396004768767
-0.00908308668836
-0.00337622388817
0.0020108885255
-0.00789944765787
-0.000523183320828
-0.00467309674858
-0.0116732060252
-0.00482018531042
-0.0138971137269
-0.0117121714241
-0.0136449311917
-0.00946178877707
-0.00434630514729
4.78602004211e-05
0.00124534436347
0.00314241879058
0.00696260712303
0.0098495417838
0.0106317780881
0.0106215225247
0.00699197385437
0.0110948861473
0.0107552467754
0.0110382795853
0.0111514927092
0.0102975658224
0.0113213123952
0.01066083597
0.00813459253081
0.0112647058332
0.000567891668767
0.0114345255191
0.00584981231639
0.0115477386431
0.0109541243432
0.00554517683329
0.0119439845769
0.00638029756542
0.00498346120519
0.0142625833751
0.00785406092672
0.00536402523591
0.0111427463477
0.00202619443123
0.0194540712304
-0.00037355353038
0.011660951767
0.0097658300255
0.00940608155325
0.0082491033564
0.0141686317899
0.0041104356341
-0.00472643730508
0.00473332254318
0.000148482870657
0.00402123841109
0.00247004740529
-0.00670787041685
-0.00542687670449
-0.00582600535142
0.00355135455641
-0.0102940676275
-0.0093761698708
0.00427438871721
-0.00656788848345
-0.00615693958548
-0.00463942384048
0.000746261854652
-0.000140032430461
-0.00103085833177
-0.00393838031413
0.00177269847518
-0.0100837114088
-0.00122956312996
-0.0104584336063
-0.0164172337198
-0.0136530653482
-0.011559341693
-0.00891584747957
-0.0138531091887
-0.00635334902977
0.000509459057783
-0.000235172609458
0.00243408216496
0.00577386932154
0.00911365647812
0.00765836306725
0.0102182390376
0.0083460037363
0.0112647058332
0.0110382795853
0.0116491764061
0.0112647058332
0.00712248009501
0.0113213123952
0.00617224538492
0.00996107303903
0.0118229212123
-0.000664275656831
0.0126516907898
0.0125470311571
0.000711802961124
0.0152540256485
0.00798019428145
0.00787132776938
0.00149251946783
0.0130980716186
0.0134814896482
0.00967510493009
0.00884119239716
0.014158040875
0.015195010384
0.00786975678184
0.0114227206288
0.00325931998425
0.0131453981764
0.0070662996615
0.00996631082448
0.00243594543918
0.00537910929074
0.0124999345592
0.00328975681869
-0.000108918202972
0.00591758808614
0.00178603428704
0.00121215947594
0.000828901704906
-0.00089015698154
9.50108963473e-07
-0.00593778518519
-0.00898524233071
0.00545134777798
-0.00662080546497
-0.00144468982628
0.00254861461133
-0.00151466832182
-0.00857379992795
-0.00325103196304
-0.00557825005999
-0.00394644486564
-0.00705234871934
-0.00801735509994
-0.0130545377033
-0.0111467946465
-0.0106817606821
-0.017470856222
-0.00460898603109
-0.0181836516453
-0.00258683244014
0.000396245933831
0.000905704991614
0.000566065619759
0.00151773717374
-0.000688916608221
0.00927625005646
0.00965278311894
0.0110948861473
0.0100335872399
0.0107843046573
0.0111239440292
0.0094432655515
0.0110948861473
0.00584609113433
0.0112647058332
0.00876360237158
-0.00181819522399
0.010520074166
0.00541949521367
0.0104630831678
0.00735041554475
0.0127656071643
-0.000200319286917
0.011774164891
0.010181681295
0.0165811821734
0.00264230901659
0.0126563191607
0.0135697991933
0.004497803321
0.0143046286534
-7.68505995781e-05
0.0099375163992
0.00946960727875
0.0134546162911
0.00879609772876
0.00906458658668
0.00747400935791
0.0111093861252
0.0021725002722
0.0023571200641
0.0130868522479
0.00697730958166
0.00934073236495
0.00359467538008
0.00275442951591
-0.00455788328797
0.00156920392415
-0.00475879617425
-0.00957434376701
0.00142488035642
-0.00489846952505
-0.00890833100794
0.00300861746292
-0.00680800846071
-0.00222439305298
-0.005235917636
-0.00303470404998
-0.00479747745212
-0.00908743844691
-0.00918549060693
-0.0155361896094
-0.00760865141711
-0.0137896211454
-0.00894179635986
-0.00630855484
-0.0113651475222
0.000509459057783
0.00254729528891
-0.0018868944505
0.0035096068425
0.00265289786907
0.0012236328843
0.00656809565595
0.009770530457
0.0101761324535
0.0110382795853
0.00972909150013
0.0109250664613
-0.00225928295457
0.0110304327244
0.0105696431746
0.00710088463775
0.0111514927092
0.00980019804004
0.0141981265725
0.0038016192766
0.0108090601986
0.0110457352739
0.0114911320811
0.00602204070484
0.0164534005497
0.0111345010751
0.0114596582807
0.00201805503006
0.0129275766096
0.010361634809
0.00405860922846
0.00561190449421
0.00931199214121
0.020562651748
0.0109964479755
0.00499658383243
0.0124416682737
0.0112651417802
0.0168771951636
0.000784862322229
0.0112388917897
0.000811601880339
0.0132106094195
0.00501737065839
0.0124956026658
-0.00476900025037
-0.00806047023793
-0.00127657867066
0.00396317310012
0.00441290371334
-0.00258118460408
0.00253177256173
-0.00712096499485
-0.00481047165995
-0.00146912475447
-0.00647469569574
-0.00531018731896
-0.00512459431391
-0.00686687243539
-0.0145362800509
-0.010541136115
-0.00897912195876
-0.0109355467533
-0.0128486443756
-0.0122174466302
-0.0129275264246
-0.0189232962669
-0.00631839640242
0.00237747560299
0.000119666634607
-0.00359171876836
0.00181140998323
-0.00329551751038
0.00401476355971
-0.00147144271205
0.00694964200542
0.0110382795853
0.00888623219851
0.0107552467754
0.0108133625392
0.00391431733607
0.0108641575588
0.00743768226772
0.0100195867347
0.00922671043077
0.00508439449945
0.0092989592272
0.00756640139947
0.00248449413744
0.00930642165184
0.0109415873258
0.0126378183247
0.0098764162281
0.00119892577584
0.0138781128023
0.00436500484499
0.00327306810074
0.0115259418411
0.013094444601
0.00729305116248
0.0131041884797
0.0036327277709
-0.00152680048877
0.011520189963
0.00369851359688
0.0168115335416
0.00119309719894
0.00733287541618
0.0042655463628
0.0139440918308
0.0165506639978
0.00618339379947
0.00364377831968
-0.00180898519871
0.0015333449739
-0.000817319768964
0.00156996482295
-0.00808541433354
-0.00192191879804
-0.00587594836295
-0.00469943246513
-0.00249118480956
-0.00406788207071
-0.00703239939017
-0.00246843542184
-0.00133720305015
-0.0112100742702
-0.016372459071
-0.0122144592103
-0.00745553149052
-0.0121481652065
-0.00868127058258
-0.0166839449851
-0.0151340309113
-0.0164629896583
-0.0147460196544
