0.00574137701159
0.0148874255811
0.0138450762047
0.0200761256389
0.0176735713811
0.0185869238902
0.0176284007571
0.0141483548142
0.0131060054379
0.0193959137339
0.0190476834289
0.0141483548142
0.0200761256389
0.0193959137339
0.0178406354416
0.0160928532426
0.0161631933006
0.0199335837759
0.0182167630927
0.0182163883082
0.0170433530495
0.0179823716602
0.015915867791
0.0199335837759
0.0138450762047
0.0159627366479
0.0150644110325
0.0167008633426
0.0200761256389
0.0182167630927
0.0154757879166
0.0182167630927
0.0170433530495
0.0172662632858
0.0168548864018
0.0152758400726
0.0170433530495
0.0179823716602
0.0176284007571
0.0206053676017
0.0160928532426
0.0161631933006
0.0184855981137
0.0164090659292
0.0150644110325
0.0168194109134
0.0212323138878
0.0199335837759
0.0196188239702
0.015915867791
0.0152758400726
0.0199335837759
0.0167008633426
0.0179274927547
0.0167008633426
0.017828348601
0.0188018108003
0.0199335837759
0.0161631933006
0.0182167630927
0.0212323138878
0.0193959137339
0.0182167630927
0.0170433530495
0.018357335754
0.0200761256389
0.0196188239702
0.0176284007571
0.00881428217023
0.0150644110325
0.0172407664911
0.0175121359144
0.0170703895377
0.0165611084779
0.0180144412942
0.0196744711757
0.0164090659292
0.0182167630927
0.0150644110325
0.0197504529733
0.0172074891851
0.0168548864018
0.0191686773113
0.0182167630927
0.0172662632858
0.0167008633426
0.0136451283608
0.0159534590946
0.0168548864018
0.0148874255811
0.0179823716602
0.0172662632858
0.0181842045184
0.0160665762223
0.0160665762223
0.0164090659292
0.0160928532426
0.0164090659292
0.017828348601
0.0148874255811
0.017828348601
0.0164090659292
0.0157044387509
0.0184855981137
0.0193959137339
0.0176284007571
0.0152758400726
0.0171814709925
0.0148874255811
0.0124372747291
0.0192026471615
0.017828348601
0.0192878154595
0.0174514153056
0.0161631933006
0.0148874255811
0.0179823716602
0.0164090659292
0.0174514153056
0.0170433530495
0.0182167630927
0.0161631933006
0.0172662632858
0.0168548864018
0.0184855981137
0.0184855981137
0.0157044387509
0.0172662632858
0.0160665762223
0.017828348601
0.0168548864018
0.0150644110325
0.0186912865556
0.0161631933006
0.0184855981137
0.0161631933006
0.00852167652475
0.0134451805169
0.0172662632858
0.0175121359144
0.0138450762047
0.0160665762223
0.0196120514723
0.0160665762223
0.0150644110325
0.0150644110325
0.0196188239702
0.0218139037255
0.0174514153056
0.0161631933006
0.021106993819
0.0200761256389
0.0134451805169
0.0168548864018
0.0208783429847
0.0193959137339
0.0161631933006
0.0179823716602
0.0161631933006
0.0179823716602
0.0184855981137
0.0175121359144
0.0167008633426
0.0176284007571
0.0138450762047
0.0174514153056
0.0193024716285
0.0196188239702
0.0182167630927
0.0184855981137
0.0182167630927
0.0199335837759
0.0147252359536
0.0160665762223
0.0136451283608
0.0170433530495
0.0121971426986
0.0141483548142
0.0193959137339
0.0184855981137
0.0168548864018
0.0168548864018
0.0182167630927
0.017828348601
0.0174514153056
0.0182167630927
0.0199335837759
0.0174514153056
0.0176284007571
0.0161631933006
0.0199335837759
0.0182167630927
0.0168548864018
0.0167008633426
0.0148874255811
0.0201923904816
0.0200761256389
0.0152758400726
0.0167008633426
0.0184855981137
0.0160665762223
0.0182167630927
0.0193959137339
0.0184855981137
0.0071695645139
0.0136451283608
0.0160665762223
0.0171888892189
0.0164090659292
0.0199335837759
0.0148874255811
0.0152758400726
0.021106993819
0.0180716283466
0.0186912865556
0.0184855981137
0.0175121359144
0.0161631933006
0.0172662632858
0.0144793633249
0.0200761256389
0.017828348601
0.0161631933006
0.0184855981137
0.0160665762223
0.0148874255811
0.0182167630927
0.0170433530495
0.015915867791
0.0161631933006
0.0131060054379
0.0160928532426
0.0172662632858
0.0184792398889
0.0157044387509
0.0154757879166
0.0121971426986
0.0142564530887
0.0141483548142
0.0138450762047
0.0174514153056
0.0192086394337
0.0186912865556
0.0200761256389
0.0184855981137
0.0148874255811
0.0138450762047
0.0150644110325
0.0160665762223
0.0167008633426
0.0150644110325
0.0141483548142
0.0150644110325
0.0170433530495
0.0136451283608
0.0172662632858
0.0182167630927
0.0179823716602
0.0170433530495
0.0186912865556
0.0168548864018
0.0182167630927
0.0200761256389
0.0161631933006
0.0161631933006
0.0184855981137
0.017828348601
0.0167008633426
0.0182167630927
0.0164090659292
0.017828348601
0.0179823716602
0.00852167652475
0.0150644110325
0.0167008633426
0.0148189824097
0.0206970509045
0.0182167630927
0.0174514153056
0.0175019934434
0.0182167630927
0.0189395751023
0.018432900831
0.0199335837759
0.0180187903113
0.0174514153056
0.0168548864018
0.0199995152531
0.0167008633426
0.0167008633426
0.0134829387333
0.0138450762047
0.0116840480245
0.0148677778166
0.0168548864018
0.0157044387509
0.0172662632858
0.0175121359144
0.0167008633426
0.0157044387509
0.017828348601
0.0172662632858
0.0172662632858
0.0157044387509
0.0192053566897
0.0175121359144
0.0186912865556
0.0154757879166
0.0154757879166
0.0160928532426
0.0141483548142
0.0136451283608
0.0121971426986
0.0199335837759
0.0134451805169
0.0160665762223
0.0182167630927
0.0154757879166
0.0154757879166
0.017828348601
0.0172662632858
0.0200761256389
0.0148874255811
0.0172662632858
0.0168548864018
0.0167008633426
0.0172662632858
0.0160928532426
0.0157044387509
0.0160665762223
0.0184855981137
0.0154757879166
0.0138450762047
0.0154757879166
0.0141483548142
0.0148874255811
0.0161631933006
0.0182167630927
0.0152758400726
0.0176284007571
0.00740255344217
0.0136451283608
0.0184855981137
0.0181100175987
0.0184855981137
0.0200761256389
0.0209399870612
0.0190476834289
0.0141483548142
0.0174305030482
0.0164090659292
0.0170433530495
0.0170433530495
0.0170433530495
0.0184855981137
0.0174302916356
0.0141483548142
0.0142564530887
0.0154757879166
0.0136451283608
0.0176284007571
0.0186912865556
0.0164090659292
0.0157044387509
0.0175121359144
0.015915867791
0.0179823716602
0.0124372747291
0.0176284007571
0.0152758400726
0.0184855981137
0.0154757879166
0.0121971426986
0.0184855981137
0.0142564530887
0.0159870958606
0.0200761256389
0.0200761256389
0.0141483548142
0.0148874255811
0.0154757879166
0.0160928532426
0.0176284007571
0.0160665762223
0.0133054256521
0.0134451805169
0.0142564530887
0.0176284007571
0.0181025779479
0.0168548864018
0.0144793633249
0.0134451805169
0.0164090659292
0.0167008633426
0.0160665762223
0.0182167630927
0.0199335837759
0.0152758400726
0.0150644110325
0.0168548864018
0.0161631933006
0.0199335837759
0.0184855981137
0.0196188239702
0.0182167630927
0.0179823716602
0.0161631933006
0.0172662632858
0.00891174800722
0.0147252359536
0.0136451283608
0.0204104481314
0.0141483548142
0.0152758400726
0.0170223371653
0.0175121359144
0.0167008633426
0.0176284007571
0.0160665762223
0.0190476834289
0.0172662632858
0.0186912865556
0.0167008633426
0.0154757879166
0.0164090659292
0.0172662632858
0.0175121359144
0.0182167630927
0.0184855981137
0.0164090659292
0.0168548864018
0.0176284007571
0.0168548864018
0.0148874255811
0.0150644110325
0.0154757879166
0.0168548864018
0.015915867791
0.015915867791
0.0168548864018
0.017828348601
0.0178822967119
0.0164090659292
0.0182167630927
0.012906057594
0.0136451283608
0.0147252359536
0.0157044387509
0.0152758400726
0.0136451283608
0.0152758400726
0.0161631933006
0.0168548864018
0.0164090659292
0.0141483548142
0.0134451805169
0.0186912865556
0.0168548864018
0.0161631933006
0.0182167630927
0.0182167630927
0.0138450762047
0.0176284007571
0.0136451283608
0.0152758400726
0.0179823716602
0.0176284007571
0.0199335837759
0.0172662632858
0.0157044387509
0.0172662632858
0.0186912865556
0.0152758400726
0.0175121359144
0.0172662632858
0.0186912865556
0.00875606795719
0.0150644110325
0.0172662632858
0.0148874255811
0.0167008633426
0.0205884920795
0.0191519876136
0.0168548864018
0.0200761256389
0.0150644110325
0.0134451805169
0.0142564530887
0.0186912865556
0.0150644110325
0.0179823716602
0.0175121359144
0.0150644110325
0.015915867791
0.0141483548142
0.0182167630927
0.0136451283608
0.0141483548142
0.0175121359144
0.0148874255811
0.0164090659292
0.0161631933006
0.0154757879166
0.0182167630927
0.0160928532426
0.0148677778166
0.0124372747291
0.0138450762047
0.0182167630927
0.0168548864018
0.0160928532426
0.0170433530495
0.0175121359144
0.0148874255811
0.0170433530495
0.017828348601
0.0168548864018
0.0184855981137
0.0200761256389
0.0160665762223
0.0161631933006
0.0172662632858
0.0160928532426
0.0174514153056
0.0148874255811
0.0138450762047
0.0138450762047
0.0170433530495
0.0164090659292
0.0157044387509
0.0136451283608
0.0170433530495
0.0154757879166
0.0172662632858
0.0154757879166
0.0147252359536
0.0172662632858
0.0164090659292
0.0200761256389
0.015915867791
0.0170433530495
0.0186912865556
0.0186912865556
0.0160665762223
0.0063653887047
0.0154757879166
0.0134451805169
0.015915867791
0.0160665762223
0.0168548864018
0.0186417369881
0.0136451283608
0.0175121359144
0.0142564530887
0.0192212110105
0.0164090659292
0.0152758400726
0.0182167630927
0.017828348601
0.0134451805169
0.0148874255811
0.0184855981137
0.0141483548142
0.0188253117963
0.0136451283608
0.0184855981137
0.0147252359536
0.0175121359144
0.0121325432386
0.0147252359536
0.0144793633249
0.0150644110325
0.015915867791
0.0182167630927
0.0157044387509
0.0154757879166
0.0184855981137
0.0172662632858
0.0170433530495
0.0161631933006
0.0168548864018
0.0161631933006
0.0154757879166
0.0136451283608
0.0144793633249
0.0121971426986
0.0170433530495
0.0142564530887
0.0121971426986
0.0121971426986
0.0167008633426
0.0170433530495
0.0184855981137
0.0170433530495
0.0136451283608
0.015915867791
0.015915867791
0.0172662632858
0.017828348601
0.0175121359144
0.0160928532426
0.0154757879166
0.0170433530495
0.0152758400726
0.0152758400726
0.0170433530495
0.0157044387509
0.0154757879166
0.0150644110325
0.0157044387509
0.0160928532426
0.0175121359144
0.00534420364163
0.0144793633249
0.015915867791
0.0164090659292
0.0182167630927
0.0175121359144
0.0121971426986
0.0154757879166
0.0152758400726
0.0187540384339
0.0184855981137
0.0148874255811
0.0170433530495
0.0154757879166
0.0133289156741
0.015915867791
0.0186912865556
0.0160928532426
0.0172662632858
0.0144793633249
0.0152758400726
0.015915867791
0.0138450762047
0.0121971426986
0.0142564530887
0.0142564530887
0.0144793633249
0.0184855981137
0.0160928532426
0.0148874255811
0.0152758400726
0.0107591853515
0.0138450762047
0.0186912865556
0.0168548864018
0.0160928532426
0.0148874255811
0.0142564530887
0.0152758400726
0.0168548864018
0.0184855981137
0.0175121359144
0.0136451283608
0.0141483548142
0.0179823716602
0.0172662632858
0.0175121359144
0.0152758400726
0.0127061097501
0.0172662632858
0.0161631933006
0.0184855981137
0.0182167630927
0.0142564530887
0.0168548864018
0.0150644110325
0.0164090659292
0.0182167630927
0.0179823716602
0.0150644110325
0.0167008633426
0.0172662632858
0.015915867791
0.0167008633426
0.0160665762223
0.0168548864018
0.0136451283608
0.0170433530495
0.00579074589211
0.0141483548142
0.0138450762047
0.0175121359144
0.0186912865556
0.0138450762047
0.0142564530887
0.0150644110325
0.0193959137339
0.017338549852
0.0136451283608
0.0154757879166
0.0184855981137
0.0154757879166
0.0127061097501
0.0170433530495
0.0175121359144
0.0147252359536
0.0157044387509
0.0154757879166
0.0134451805169
0.0157044387509
0.0157044387509
0.0170433530495
0.0164090659292
0.0172662632858
0.0134451805169
0.0147252359536
0.0121971426986
0.0142564530887
0.0138450762047
0.0150644110325
0.0179823716602
0.0154757879166
0.0113040488725
0.0124372747291
0.0175121359144
0.0144793633249
0.0152758400726
0.0124372747291
0.0109041531847
0.0144793633249
0.0154757879166
0.0142564530887
0.0136451283608
0.0148677778166
0.0157044387509
0.0142564530887
0.015915867791
0.0160928532426
0.0167008633426
0.0148874255811
0.0141483548142
0.0164090659292
0.0182167630927
0.0152758400726
0.0170433530495
0.015915867791
0.0170433530495
0.0167008633426
0.0152758400726
0.0142564530887
0.0167008633426
0.0164090659292
0.0167008633426
0.0175121359144
0.0167008633426
0.0167008633426
0.00556662417398
0.0117269069527
0.0141483548142
0.0168548864018
0.0157044387509
0.0150644110325
0.0196188239702
0.0164090659292
0.0160928532426
0.0144793633249
0.015915867791
0.0148874255811
0.0147252359536
0.0142564530887
0.0154757879166
0.0141483548142
0.0109041531847
0.0154757879166
0.0148874255811
0.0152758400726
0.0160928532426
0.0172662632858
0.0179823716602
0.0160928532426
0.0157044387509
0.0154757879166
0.0160665762223
0.0134451805169
0.0150644110325
0.0121971426986
0.0168548864018
0.017828348601
0.0160928532426
0.0168548864018
0.0136451283608
0.0157044387509
0.0150644110325
0.0114580719317
0.0141483548142
0.0160928532426
0.0124372747291
0.0164090659292
0.0154757879166
0.0175121359144
0.0136451283608
0.0150644110325
0.0170433530495
0.0148874255811
0.0160928532426
0.0142564530887
0.0154757879166
0.0148874255811
0.0144793633249
0.0134451805169
0.0170433530495
0.0150644110325
0.0136451283608
0.0147252359536
0.0164090659292
0.0131060054379
0.0172662632858
0.0172662632858
0.0188265280302
0.0133289156741
0.0138450762047
0.0175121359144
0.0136451283608
0.0154757879166
0.00362262091001
0.0121325432386
0.0146438356805
0.0170433530495
0.0193959137339
0.0148874255811
0.0134451805169
0.0131060054379
0.0148677778166
0.0167008633426
0.0174514153056
0.0141483548142
0.0172662632858
0.0154757879166
0.0150644110325
0.0134451805169
0.0142564530887
0.0175121359144
0.0154757879166
0.0152758400726
0.0154757879166
0.0138450762047
0.0144793633249
0.0142564530887
0.0144793633249
0.0160665762223
0.012906057594
0.0148874255811
0.015915867791
0.0174514153056
0.0193959137339
0.0144793633249
0.0152758400726
0.0141483548142
0.0154757879166
0.0157044387509
0.0138450762047
0.0150644110325
0.0161631933006
0.0150644110325
0.0175121359144
0.0148874255811
0.0134451805169
0.0157044387509
0.0150644110325
0.0167008633426
0.0152758400726
0.0136451283608
0.0119211141985
0.0144793633249
0.0124372747291
0.0160928532426
0.0121971426986
0.0134451805169
0.0154757879166
0.0124372747291
0.0186912865556
0.0138450762047
0.0109041531847
0.0147252359536
0.0167008633426
0.0154757879166
0.0160928532426
0.0148677778166
0.0124372747291
0.0148874255811
0.0160665762223
0.0192878154595
0.0035575440171
0.00975702016182
0.0138450762047
0.0144793633249
0.015915867791
0.0148874255811
0.0179823716602
0.0154757879166
0.0168548864018
0.0168548864018
0.0150644110325
0.0147252359536
0.0152758400726
0.0134829387333
0.0152758400726
0.0170433530495
0.0172662632858
0.0172662632858
0.0160665762223
0.0141483548142
0.0141483548142
0.0138450762047
0.0124372747291
0.0157044387509
0.0154757879166
0.0148677778166
0.0134451805169
0.0172662632858
0.015915867791
0.0172662632858
0.0121971426986
0.0184855981137
0.0160665762223
0.0150644110325
0.0152758400726
0.0157044387509
0.0136451283608
0.0161631933006
0.0172662632858
0.0150644110325
0.0152758400726
0.0152758400726
0.0131060054379
0.0134829387333
0.0147252359536
0.0127061097501
0.0134829387333
0.0147252359536
0.0148874255811
0.0144793633249
0.0175121359144
0.0154757879166
0.0172662632858
0.0160928532426
0.0152758400726
0.0142564530887
0.0148874255811
0.0134829387333
0.0160928532426
0.0170433530495
0.0172662632858
0.0157044387509
0.0144793633249
0.0121971426986
0.0161631933006
0.0172662632858
0.0152758400726
0.0134451805169
0.0031161940797
0.00835208898525
0.0114580719317
0.0127061097501
0.0181546463847
0.0152758400726
0.0110926198324
0.0161631933006
0.0161631933006
0.0136451283608
0.0134829387333
0.0138450762047
0.0141483548142
0.0167008633426
0.0133289156741
0.00990772859306
0.0124372747291
0.0152758400726
0.0121325432386
0.0148677778166
0.0148677778166
0.0136451283608
0.0184855981137
0.0168548864018
0.0167008633426
0.0168548864018
0.0168548864018
0.0182167630927
0.0164090659292
0.015915867791
0.0157044387509
0.0148874255811
0.0147252359536
0.0168548864018
0.0175121359144
0.0175121359144
0.0168548864018
0.015915867791
0.0134451805169
0.0148677778166
0.0152758400726
0.0138450762047
0.0168548864018
0.0167008633426
0.015915867791
0.015915867791
0.015915867791
0.0148677778166
0.0148677778166
0.012906057594
0.0142564530887
0.0124372747291
0.0134829387333
0.0148677778166
0.0157044387509
0.0131060054379
0.0114580719317
0.0141483548142
0.0172662632858
0.0121971426986
0.0157044387509
0.0138450762047
0.0175121359144
0.0154757879166
0.0149859891675
0.0175121359144
0.0152758400726
0.0152758400726
0.00139165604349
0.00376610275815
0.0100961952408
0.0134451805169
0.0127061097501
0.0131060054379
0.0175121359144
0.0161631933006
0.0131060054379
0.0142564530887
0.0141483548142
0.0167008633426
0.0160928532426
0.0113040488725
0.0172662632858
0.0136451283608
0.0170433530495
0.0160928532426
0.0164090659292
0.0177384455398
0.0168548864018
0.0170433530495
0.0160665762223
0.0138450762047
0.0184855981137
0.0167008633426
0.0148874255811
0.0167008633426
0.0172662632858
0.0152758400726
0.0127061097501
0.0141483548142
0.0168548864018
0.0154757879166
0.0148677778166
0.0136451283608
0.0121971426986
0.0138450762047
0.0172662632858
0.0164090659292
0.0160928532426
0.0148677778166
0.0148677778166
0.0168548864018
0.0150644110325
0.0160928532426
0.015915867791
0.0148874255811
0.015915867791
0.0124372747291
0.0175121359144
0.0121971426986
0.0168548864018
0.0157044387509
0.0147252359536
0.0157044387509
0.0150644110325
0.0141483548142
0.0148677778166
0.0138450762047
0.0154757879166
0.0134451805169
0.0148677778166
0.0131060054379
0.0152758400726
0.0154757879166
0.0157044387509
0.0175121359144
0.00139165604349
0.00319971199431
0.00795793389551
0.0134451805169
0.0148677778166
0.0167008633426
0.0147252359536
0.0110926198324
0.015915867791
0.0134451805169
0.0142564530887
0.015915867791
0.0122865662979
0.0152758400726
0.0136451283608
0.0160665762223
0.0133289156741
0.0182167630927
0.0152758400726
0.0157044387509
0.0134829387333
0.0148874255811
0.0136451283608
0.0136451283608
0.0142564530887
0.0157044387509
0.0152758400726
0.0142564530887
0.012906057594
0.0136451283608
0.0134451805169
0.0186912865556
0.0148677778166
0.0141483548142
0.017828348601
0.017828348601
0.0148874255811
0.0161631933006
0.0161631933006
0.0142564530887
0.0168548864018
0.0127061097501
0.0161631933006
0.0152758400726
0.0133289156741
0.00966185596443
0.015915867791
0.012906057594
0.0133289156741
0.0152758400726
0.015915867791
0.0131060054379
0.015915867791
0.012906057594
0.0142564530887
0.0131060054379
0.0134451805169
0.0160928532426
0.0152758400726
0.0144793633249
0.015915867791
0.0136451283608
0.0141483548142
0.0164090659292
0.0148874255811
0.0148874255811
0.0136451283608
0.0168548864018
0.0
-0.000623702892542
0.00635305487503
0.0103191054771
0.015915867791
0.0134829387333
0.0134451805169
0.0184855981137
0.015915867791
0.0136451283608
0.0148677778166
0.012906057594
0.0138450762047
0.0199335837759
0.0168548864018
0.0164090659292
0.0182167630927
0.0168548864018
0.0133289156741
0.0170433530495
0.0196188239702
0.017828348601
0.017828348601
0.0148677778166
0.0160928532426
0.0160928532426
0.015915867791
0.0134451805169
0.0164090659292
0.0161631933006
0.0148874255811
0.0148874255811
0.015915867791
0.0161631933006
0.0167008633426
0.0148677778166
0.0160928532426
0.0157044387509
0.0121033126186
0.015915867791
0.0134451805169
0.0152758400726
0.0152758400726
0.0164090659292
0.0175121359144
0.0152758400726
0.0121971426986
0.0131060054379
0.0157044387509
0.0134451805169
0.0113040488725
0.0142564530887
0.0133289156741
0.0144793633249
0.015915867791
0.0144793633249
0.0148677778166
0.012906057594
0.0124372747291
0.0138450762047
0.0148677778166
0.0124372747291
0.0110926198324
0.0141483548142
0.0148677778166
0.0147252359536
0.0150644110325
0.0172662632858
0.0
0.0
0.00376610275815
0.0109041531847
0.0131060054379
0.0164090659292
0.012906057594
0.0175121359144
0.0154757879166
0.0124372747291
0.0148874255811
0.0134829387333
0.0175121359144
0.0157044387509
0.0144793633249
0.0160928532426
0.0138450762047
0.0157044387509
0.0138450762047
0.0121971426986
0.0150644110325
0.0142564530887
0.0121325432386
0.0154757879166
0.0160665762223
0.0164090659292
0.0154757879166
0.0160665762223
0.0199335837759
0.0148874255811
0.0138450762047
0.012906057594
0.0161631933006
0.0182167630927
0.0147252359536
0.0199335837759
0.0167008633426
0.0131060054379
0.0157044387509
0.0160665762223
0.0110926198324
0.0141483548142
0.0160665762223
0.0147252359536
0.0172662632858
0.0134829387333
0.0142564530887
0.015915867791
0.0148874255811
0.0136451283608
0.012906057594
0.0186912865556
0.0157044387509
0.0152758400726
0.012906057594
0.0147252359536
0.015915867791
0.0160928532426
0.0147252359536
0.0144793633249
0.012906057594
0.0170433530495
0.0160665762223
0.0157044387509
0.015915867791
0.0172662632858
0.0170433530495
0.0138450762047
0.0
0.0
0.0019584055947
0.0122865662979
0.0121971426986
0.0133289156741
0.0134451805169
0.0124372747291
0.0114580719317
0.0110926198324
0.0142564530887
0.0175121359144
0.0121971426986
0.0170433530495
0.0148677778166
0.0147252359536
0.0148874255811
0.0141483548142
0.0152758400726
0.0148874255811
0.0161631933006
0.0134451805169
0.0167008633426
0.0170433530495
0.0172662632858
0.0134451805169
0.0138450762047
0.0168548864018
0.0148874255811
0.0157044387509
0.0161631933006
0.0190476834289
0.0175121359144
0.0167008633426
0.0134451805169
0.0150644110325
0.0144793633249
0.0134829387333
0.0168548864018
0.0144793633249
0.0167008633426
0.0172662632858
0.0148874255811
0.0121971426986
0.0134451805169
0.0121971426986
0.0127061097501
0.0119211141985
0.0134451805169
0.0160928532426
0.0167331437683
0.0110926198324
0.0147252359536
0.0136451283608
0.0148677778166
0.0134451805169
0.0148677778166
0.0122865662979
0.012906057594
0.015915867791
0.0144793633249
0.0144793633249
0.0148677778166
0.0144793633249
0.0172662632858
0.0154757879166
0.0150644110325
0.0154757879166
0.0
0.0
-0.000415323545187
0.00635305487503
0.0122865662979
0.0133289156741
0.0109041531847
0.012906057594
0.00891417430051
0.0134829387333
0.0142564530887
0.0114580719317
0.0164090659292
0.0124372747291
0.0160665762223
0.012906057594
0.0160665762223
0.0134451805169
0.0175121359144
0.0172662632858
0.0161631933006
0.0136451283608
0.0157044387509
0.0148874255811
0.0167008633426
0.0160665762223
0.0121971426986
0.0160665762223
0.0174514153056
0.0152758400726
0.0131060054379
0.0147252359536
0.0160928532426
0.0133289156741
0.0160928532426
0.0157044387509
0.0147252359536
0.0170433530495
0.0170433530495
0.0144793633249
0.0160665762223
0.0161631933006
0.0136451283608
0.0168548864018
0.0184855981137
0.0127061097501
0.0147252359536
0.0172662632858
0.0167008633426
0.0133289156741
0.0147252359536
0.0152758400726
0.0148677778166
0.0114580719317
0.0147252359536
0.0131060054379
0.0114580719317
0.0152758400726
0.0154757879166
0.0136451283608
0.0121971426986
0.015915867791
0.0144793633249
0.0170433530495
0.0148677778166
0.0142564530887
0.0138450762047
0.0152758400726
0.0
0.0
0.0
0.00459459712423
0.0103191054771
0.0152758400726
0.0110926198324
0.0121971426986
0.0199335837759
0.0175121359144
0.0127061097501
0.0175121359144
0.0175121359144
0.0141483548142
0.0160928532426
0.0109041531847
0.0164090659292
0.0144793633249
0.0184855981137
0.0148874255811
0.0179823716602
0.015915867791
0.0200761256389
0.0175121359144
0.0136451283608
0.0127061097501
0.0141483548142
0.015915867791
0.0141483548142
0.0157044387509
0.0127061097501
0.0141483548142
0.0160928532426
0.0152758400726
0.0154757879166
0.0148874255811
0.0164090659292
0.0167008633426
0.0160665762223
0.0172662632858
0.0168548864018
0.012906057594
0.0121971426986
0.0157873323506
0.0109041531847
0.0138450762047
0.0168548864018
0.0138450762047
0.0175121359144
0.0175121359144
0.0148874255811
0.0172662632858
0.0147252359536
0.0127061097501
0.0147252359536
0.014942010891
0.0134451805169
0.0121971426986
0.0147745601274
0.0141483548142
0.0134451805169
0.0127061097501
0.0154757879166
0.0124372747291
0.0110926198324
0.0148874255811
0.0172662632858
0.0146521316322
-0.00127217642146
0.0
0.0
0.000559215016217
0.0071150880342
0.0119211141985
0.0121971426986
0.0144793633249
0.012906057594
0.0109041531847
0.0105534969095
0.0186912865556
0.0138450762047
0.0152758400726
0.0114580719317
0.015915867791
0.0168548864018
0.0141483548142
0.0144793633249
0.0119211141985
0.0147252359536
0.0170433530495
0.0114580719317
0.0127061097501
0.0152758400726
0.0138450762047
0.0161631933006
0.0167008633426
0.0164090659292
0.0152758400726
0.015915867791
0.0124372747291
0.0154757879166
0.017828348601
0.0160928532426
0.0167008633426
0.0114580719317
0.0107591853515
0.0160928532426
0.0138450762047
0.0121971426986
0.0175121359144
0.0186912865556
0.0152758400726
0.0148677778166
0.0134451805169
0.0141483548142
0.0131060054379
0.0144793633249
0.0117269069527
0.0140125269682
0.0109041531847
0.0133289156741
0.0147252359536
0.012906057594
0.0133289156741
0.00831433076877
0.0134829387333
0.0114580719317
0.0124372747291
0.0110926198324
0.0136405142605
0.0142564530887
0.0133289156741
0.0152758400726
0.0142564530887
0.015915867791
0.0168456178618
-0.000415323545187
0.0
0.0
0.0
0.00495386429654
0.0105534969095
0.0133289156741
0.012906057594
0.0109041531847
0.0133289156741
0.0147252359536
0.0136451283608
0.00975702016182
0.0136451283608
0.0134451805169
0.0164090659292
0.0176284007571
0.015915867791
0.0141483548142
0.016860764591
0.0152283638281
0.0158584759974
0.0114580719317
0.0136451283608
0.0150644110325
0.0134829387333
0.0131060054379
0.0136451283608
0.0163270755284
0.0114595953856
0.0149740707298
0.015915867791
0.0150644110325
0.015915867791
0.0170433530495
0.0168548864018
0.0160665762223
0.0150644110325
0.0184855981137
0.0144793633249
0.0147252359536
0.0172662632858
0.0134451805169
0.0141483548142
0.0172662632858
0.0157044387509
0.0142564530887
0.0175121359144
0.0152758400726
0.0124372747291
0.0147252359536
0.0133289156741
0.0131060054379
0.0127061097501
0.00831433076877
0.0148677778166
0.0148677778166
0.0166752333581
0.0164860125497
0.015915867791
0.0154757879166
0.0154757879166
0.0154605126305
0.0138450762047
0.0175121359144
0.012906057594
0.0136451283608
0.0196483147296
-0.0011864087432
0.0
0.0
0.0
0.00257977636927
0.00831433076877
0.0148677778166
0.0170433530495
0.0157044387509
0.0168548864018
0.0167008633426
0.0138450762047
0.0160928532426
0.0152758400726
0.0133289156741
0.0160928532426
0.0138450762047
0.0140282540453
0.0182509680273
0.0189146915129
0.0161048997275
0.0161875110605
0.0142964269958
0.0167535454365
0.0164916921915
0.016379418966
0.0154724605302
0.0163829594843
0.0125593801775
0.0155933202406
0.0187938081435
0.0155843809121
0.0162759328727
0.0161194838434
0.0175808691925
0.013629162992
0.012897778628
0.0187461257943
0.0163116169023
0.0141828831577
0.0157044387509
0.0157044387509
0.0154757879166
0.0119211141985
0.0175121359144
0.0172662632858
0.0121971426986
0.0164269653683
0.0154757879166
0.014315115135
0.0136011500843
0.0144276899593
0.0172462878631
0.0147043220363
0.0110926198324
0.0136451283608
0.0162130111017
0.0124488998283
0.012906057594
0.0113040488725
0.012906057594
0.0124372747291
0.0144793633249
0.0134451805169
0.0157044387509
0.0157044387509
0.013063213105
0.0188303465053
0.0
0.0
0.0
0.0
0.00201517954235
0.00571015685763
0.0114580719317
0.0152758400726
0.0110926198324
0.0142564530887
0.0164090659292
0.0154757879166
0.0182167630927
0.0172662632858
0.0186248253487
0.0132869825066
0.0158231586353
0.0183486571369
0.0170122110069
0.0111619437527
0.0151459406492
0.0134273050163
0.0144136023305
0.0165068017933
0.0111888290312
0.0162554027187
0.0159107494268
0.0142483916961
0.0168063440734
0.0142018032591
0.0168404186456
0.0153468797013
0.0139248669852
0.0140259144196
0.0106253818685
0.0106244698443
0.0181804758372
0.0148096537532
0.0125824659906
0.0125349648991
0.0141677071758
0.0124571984624
0.0138450762047
0.0170433530495
0.0148677778166
0.0110926198324
0.0158285687461
0.00966185596443
0.0121971426986
0.0127061097501
0.0138450762047
0.0131060054379
0.0100961952408
0.0114580719317
0.0148677778166
0.0138450762047
0.012906057594
0.0141483548142
0.0148826798086
0.0147252359536
0.0160928532426
0.0175121359144
0.0160928532426
0.0160928532426
0.0142564530887
0.0124372747291
0.0186350931543
0.0206462087873
0.0
0.0
0.0
0.0
0.0
0.00814640054325
0.0103191054771
0.0131060054379
0.0157522604224
0.0152758400726
0.0148677778166
0.0127061097501
0.0138450762047
0.0160928532426
0.0170177533472
0.015988169275
0.0156901379713
0.0170937534348
0.0203290726312
0.0221508144978
0.022527896559
0.0228726179962
0.0251732564078
0.0228865916591
0.0226298246301
0.0252894736938
0.0232610923673
0.0233133535296
0.0259429235306
0.0232640530425
0.0209819418596
0.021510136182
0.0270854301214
0.0195890410262
0.0240288683462
0.0235881006785
0.0189534296064
0.0175148971607
0.0218357887737
0.0232780392999
0.0186867717961
0.017781676991
0.0184313521698
0.0149166367429
0.0148987663152
0.0134451805169
0.0147252359536
0.014384324838
0.0142628878762
0.0136011500843
0.0131020672992
0.0122865662979
0.0148383296601
0.0156719416706
0.0129582796898
0.013214035726
0.0134829387333
0.0147252359536
0.0127061097501
0.0148677778166
0.012906057594
0.0142564530887
0.0110926198324
0.0136451283608
0.016811352131
0.0132869825066
0.0198215873298
0.0140691137482
0.0
0.0
0.0
0.0
0.0
-0.000623702892542
0.00571015685763
0.00891417430051
0.0148677778166
0.00910838154633
0.00872570765278
0.012906057594
0.0122865662979
0.0170698141352
0.0147078602603
0.0120781403196
0.0208541537061
0.0242772638649
0.0202091315326
0.0176771843513
0.0187932201718
0.0228689807001
0.0247893710118
0.0221788845772
0.0270293539072
0.0207495849334
0.023301992168
0.0251400559669
0.018709608304
0.0200784412153
0.0247682872174
0.0243529641495
0.0266398599776
0.0257078198987
0.0259109891036
0.020848217716
0.0228546444709
0.0282474333316
0.0218919865138
0.0224897576136
0.0224489541522
0.0180547190695
0.0203768114989
0.0181277238788
0.0167910917777
0.0157120276404
0.0121971426986
0.0144793633249
0.0141097224351
0.0121971426986
0.0138450762047
0.0142542773443
0.0148835629582
0.0127061097501
0.0113040488725
0.0144793633249
0.015915867791
0.0167112977394
0.0127061097501
0.0121325432386
0.0151420176439
0.0142564530887
0.0141483548142
0.0138450762047
0.0142564530887
0.0151386480137
0.022833720429
-0.000625685675975
0.0
0.0
0.0
0.0
0.0
0.0
0.00118704396363
0.00955133171982
0.00966185596443
0.0142564530887
0.0147252359536
0.015915867791
0.013592645585
0.0121235316346
0.0159760243788
0.0243278977528
0.0268746227929
0.0326791564174
0.0356798289934
0.0257914197201
0.0135564614388
0.011315949666
0.000759456892604
0.00348302880575
0.00728779033915
0.0116856388958
0.0124851622505
0.013799572339
0.00753176536773
0.0119612662107
0.00389964690155
0.010072311719
0.0223211517749
0.0257182849512
0.0246957083547
0.0250432688619
0.0262089500024
0.0259509193953
0.0196501878079
0.0209821105992
0.0219048431323
0.018705696297
0.0167582901048
0.0164324940136
0.0181526343785
0.0188346826537
0.0160700186682
0.0135839877169
0.0148042935273
0.0124372747291
0.0127061097501
0.0141540369315
0.0134829387333
0.0142564530887
0.0144793633249
0.0142372383612
0.0136451283608
0.0156719416706
0.0110926198324
0.0148874255811
0.0145765003109
0.0141483548142
0.0160928532426
0.0136451283608
0.0114580719317
0.0176709463697
0.0176307408019
0.0025464237504
0.0
0.0
0.0
0.0
0.0
0.0
0.0
0.00459459712423
0.00795793389551
0.0152758400726
0.015915867791
0.0188018108003
0.0161645041102
0.0202054541924
0.0292542149136
0.0297059241826
0.0374692106709
0.0308870411102
0.0139029935761
0.0074720434091
0.00416823572014
0.0100507296445
0.0111371811154
0.00995196260695
0.0111107772637
0.00777400711978
0.00751226391056
0.0136770472451
0.01067091115
0.0139364337053
0.0151691745135
0.0153058941798
0.0143033491421
0.0164360688232
0.0124765604221
0.00164277642252
-0.00889923173655
-2.80702205198e-05
0.00946388575468
0.0121975135591
0.0197673781183
0.0207685178525
0.0169739241603
0.0186857060332
0.0220248994
0.0206228052893
0.0195859461506
0.0136941738465
0.0164969380686
0.0141483548142
0.0136451283608
0.0148677778166
0.0127022887476
0.0127465068251
0.0131060054379
0.0133289156741
0.0133289156741
0.00990772859306
0.0158030023375
0.0144793633249
0.0121971426986
0.0175121359144
0.0142564530887
0.0138450762047
0.0147117238944
0.0201619149195
0.0113837769523
0.0022630123303
0.0
0.0
0.0
0.0
0.0
0.0
0.0
0.0
0.00934564327782
0.0133289156741
0.0113040488725
0.0127988792289
0.0158094869359
0.0265512579677
0.03003738708
0.0328297973059
0.0191592934805
0.0121083531198
0.00731216302214
0.0064470675057
0.00577179451735
0.00950349778045
0.0074127766534
0.00700492412019
0.0102883806191
0.00962538244878
0.00806937143161
0.0099768297744
0.01061930567
0.00614137908388
0.00709101091551
0.0104815841022
0.00811053571756
0.0132398315809
0.00730392520974
0.0007086898155
-0.00364017733087
-0.00580365844511
-0.00271017706273
0.00370610218179
0.00971806638861
0.0154204733851
0.0189334517249
0.022323967373
0.0204038884812
0.0165632542167
0.020713895806
0.0182003094064
0.0149754616417
0.0154149130455
0.0145169523948
0.0124372747291
0.0160928532426
0.015915867791
0.0139791976887
0.0113040488725
0.0113040488725
0.0129576644959
0.0140427232854
0.0134451805169
0.0144793633249
0.0131060054379
0.0157044387509
0.0145251047759
0.0174832305407
0.0201338804444
0.00497438290375
0.000640711208749
-0.00122529022552
0.0
0.0
0.0
0.0
0.0
0.0
0.0
0.00139165604349
0.00891417430051
0.0182309918012
0.0126111295545
0.0225327216424
0.0245287585646
0.0215709958738
0.0121681208775
0.00947738003738
0.0086422356462
0.00864689425875
0.00466283792872
0.00734278125501
0.0111505035595
0.0107647828982
0.0126864532794
0.0107614067163
0.00342804540484
-0.00767369160537
-0.0111443297418
-0.00728467374276
-0.00836636279322
-0.00722293862533
-0.000724823743118
0.00992570786792
0.00910417328927
0.0119768887536
0.00803860227872
-0.00453686479211
-0.0130469216594
-0.0128159744666
-0.0125324672294
-0.00505804142581
-0.00225948212628
0.0032309392374
0.00148244224896
0.00651598155462
0.0161157817612
0.0188558503716
0.017905035155
0.0209949728063
0.019959438662
0.0150110074467
0.0142841975456
0.0157727478872
0.0136451283608
0.0148677778166
0.012906057594
0.0073207764762
0.00515955273854
0.0117269069527
0.0136451283608
0.0148874255811
0.015915867791
0.0130282605558
0.0116957618706
0.018400874553
0.0258550112353
0.0031106084833
0.00186392120547
0.0
0.0
0.0
0.0
0.0
0.0
0.0
0.0
0.0
0.00831433076877
0.0127319208473
0.011835561202
0.0251868812039
0.0189888174881
0.00433896743314
0.00924685901109
0.00887906847644
0.00632155010484
0.00229302292727
-0.00311787689377
-0.00167057607411
-0.00565151848891
-0.00530373771716
-0.00680939782216
-0.0150602784489
-0.015004119111
-0.0138901641643
-0.0131801178382
-0.016895355698
-0.0154212303419
-0.0161978650929
-0.0143596858884
-0.0142192810303
-0.00445300958664
0.00422970233311
0.00666622096677
-0.00155477441869
-0.0136274944354
-0.0185905816201
-0.0199254385613
-0.0159500555777
-0.0164091422395
-0.00349510263191
-0.00140120816781
-0.0091029128788
-0.0102458514944
0.00880593920204
0.0191423838952
0.0178670537895
0.0217353349319
0.018084061786
0.0174943167892
0.0137743636026
0.0124035264636
0.00992967691865
0.00753220551629
-0.000207661772594
-0.000207661772594
0.0113286476182
0.0124372747291
0.0142594193078
0.0128187078132
0.0131540521169
0.0172960195668
0.0262113269213
0.0255566869064
-0.000395661144992
0.000456465848506
0.0
0.0
0.0
0.0
0.0
0.0
0.0
0.0
0.0
0.00376610275815
0.0100296135445
0.0167585932917
0.0292840992638
0.00350331263459
0.00382380427195
0.00693906372622
0.000770308914218
-0.00216804442451
-0.0102792099492
-0.0164366024233
-0.0183571537714
-0.0169520329139
-0.0134309653593
-0.0177731644738
-0.0135906497951
-0.0170876459043
-0.0260410715303
-0.0176955350741
-0.0126647312411
-0.0167617354438
-0.015245296518
-0.00631138104185
-0.0112060070322
-0.0151135105911
-0.00525221540492
-0.00668668993025
-0.0142597015616
-0.0138282730365
-0.0152779415842
-0.00992182480022
-0.0090397658283
-0.00874629617503
-0.00477431169444
-0.000267965733484
-0.0037116068579
-0.0095245181487
-0.00157637089708
0.00182353883375
0.0241920079969
0.0305988465021
0.0261995977347
0.0187797021568
0.0195505533308
0.0122596555085
0.00844067692916
0.000676795416676
-0.00289438331493
-7.43735052521e-05
0.00743927044436
0.0108067889127
0.0150113704301
0.015797516953
0.019266261557
0.0197279928994
0.0282919965113
0.0171847939328
-0.00297000932255
-0.00318900805326
0.0
0.0
0.0
0.0
0.0
0.0
0.0
0.0
0.0
-0.00104773676236
0.01178232838
0.0194697572863
0.0202220478843
0.00639191247443
0.00578572183408
-0.0053875060193
-0.0135448093912
-0.0202384775754
-0.0184611135105
-0.0273857151305
-0.0240161299142
-0.0269840494267
-0.0264752950328
-0.0281860351938
-0.0244951693843
-0.0122012222524
-0.0049605868886
-0.0021088652172
-0.00437693337167
-0.00427843099062
-0.00348851068442
-0.00351773040856
0.00204726461474
-0.00271183906793
0.00293357527978
-0.00347212084093
-0.0145671628547
-0.0143310758457
-0.00774552817168
-0.0026971917363
-0.000298236565709
-0.00229324422426
-0.00192488622728
-0.00232063138665
-0.00179974525988
-0.00529043143518
-0.00321781596457
0.00299550841925
0.0112029940845
0.0345092237682
0.0298974478913
0.0225195535767
0.0128872925913
0.0106207460786
0.00526550915506
0.00560505706754
0.0043553800127
0.00212305553001
0.0021224232172
0.0135717803992
0.014620767055
0.0142983474858
0.0318878313445
0.0269662888238
0.0261610997383
0.00160978542023
-0.00409250382389
-0.00485909305674
-0.000930470636578
0.0
0.0
0.0
0.0
0.0
0.0
0.0
-6.81189256934e-06
0.00153054787387
0.0087523422188
0.0265613576675
0.026478728549
0.000466740905732
-0.00237322885643
-0.00871854843716
-0.0187880289206
-0.0219285542231
-0.0272657950917
-0.0290931052419
-0.0277325170696
-0.0198879758125
-0.0218030346207
-0.0107240913291
-0.0050883000784
-0.00491555126478
-0.00630808772306
-0.00699351519186
-0.00525270000801
-0.00291072850829
-0.00257069469003
-0.00344683648358
-0.00277896765487
0.000113051414331
-0.000192555567265
-0.00502179017123
-0.0141467304438
-0.0057550312315
-0.00308875307809
-0.000259837993399
-8.14699425778e-05
0.00249647793313
0.00377679917218
0.00507897500278
0.00269022581585
0.00633206551882
0.00611887810772
-0.00132008328607
0.00614320728637
0.0143561923547
0.0222513355883
0.022349667854
0.0146648969062
0.0136450369211
0.0182940878036
0.0107721420506
0.0075708628932
0.0079987878053
0.00761616882578
0.0137960343216
0.0172171169742
0.01765896675
0.0336622897817
0.0343540666118
0.0258542110206
0.00280748711415
-0.00526384174377
-0.00402737623941
0.0
0.0
0.0
0.0
0.0
0.0
0.0
-0.000656727154017
-0.0003643790076
0.00929556148803
0.0121824698725
0.0267901112693
0.00398258717865
-0.0159967325262
-0.0142568306751
-0.0227818491973
-0.0257084674508
-0.0270340751969
-0.021942496357
-0.0206236890519
-0.0103047140225
-0.00706614718943
-0.00664715831529
-0.00811914596956
-0.0105363005981
-0.00830506281169
-0.00665409049274
-0.00606929912324
-0.00464070647262
-0.00774771774934
-0.00562556861134
-0.00446020839147
-0.00033111004677
0.00112408215722
0.00495151414141
0.00546994282774
-0.000346448732884
0.00406960952956
0.00332198795328
0.00202273235821
0.00123403952658
-0.00342482361609
0.00198671399138
0.00497663041727
0.0075859750535
0.0030772994792
0.0063491170975
0.0035626316406
0.00859671399234
0.0113459333152
0.00784572310866
0.0106537530247
0.00444022562866
0.0030493883968
0.0152400924166
0.0194878790834
0.00707361829393
0.0134497035865
0.00581037691766
0.00770961440749
0.0153218965159
0.0153860414381
0.0288266870903
0.0269921667759
0.013872343486
-0.00146577301556
-0.000637877118467
0.000990485498351
0.0
0.0
0.0
0.0
0.0
0.0
0.000197084638478
0.00129083236926
0.00192405863882
0.00964095143273
0.0170666344676
-0.00163613328923
-0.0159129232465
-0.0210007272622
-0.0222715262701
-0.0246380938672
-0.0214013947131
-0.0104380848448
-0.00664350601392
-0.00615910357115
-0.0056771399456
-0.00536813968613
-0.00370858260122
-0.00524796631649
-0.00540303402002
-0.00359346447879
-0.000619893217953
0.0016931641583
0.00390532486027
0.00448437979312
0.00469865936535
0.00496650433553
0.00603535441829
0.00730638896797
0.00428754044022
0.00301960684231
0.00192365269709
-0.00389695093309
-0.00211707393808
-0.000340242939055
0.0010894876259
-0.00139892513992
0.00647885970109
0.00796948560322
0.00748552011513
0.00195152353781
0.0015620556725
0.000182531195106
0.00372046550413
0.00445901969074
-0.0099341846814
-0.0141114072444
-0.0203863648388
-0.0165339025681
-0.0136611619469
-0.0087638175784
-0.00228122205831
0.0113041025173
0.0102023071836
0.0130960320599
0.0127019285163
0.0158693722162
0.0163767439438
0.00754501665603
0.00867240435119
0.00869130782579
0.0101986124028
0.0123920762888
0.0
0.0
0.0
0.0
0.0
0.0
0.000788338553913
-0.000740429608229
0.00688936241942
0.0181401781841
-0.00357417167707
-0.0238365226257
-0.0318302702731
-0.029232192627
-0.023589237444
-0.0235761050663
-0.014759566239
-0.00611114636568
-0.00523512301574
-0.00675409940049
-0.00238185585422
0.000203123792125
-0.003151155848
-0.0032887735833
0.000623195738951
0.00382381934736
0.00486997852223
0.00412302169042
0.00583483329637
0.00428375856739
0.0039082760593
0.00510008900916
0.00506102317408
0.013841205014
0.00974756008672
0.00284197569636
0.0121351047948
0.00991514995036
0.00794539041749
0.00645214135314
0.00236342847898
-0.000317907596378
0.00144688198445
-0.00286413596543
-0.00216807168047
0.000630304276079
0.000601606718134
0.00476463159194
0.00499121263739
-0.00208183914915
-0.0107525587745
-0.0160106596924
-0.0226094847895
-0.0227679302401
-0.020829582688
-0.0187282758505
-0.0129329748229
-0.00993108397605
0.00429312197253
0.00555184840555
-0.00721049070801
-0.021224650029
-0.0171902616257
-0.0182947997999
-0.014625673734
-0.00948991037189
-0.00740918720876
-0.00345344903489
0.0
0.0
0.0
0.0
0.0
0.0
-0.000411136801307
0.00262433394073
0.0198933771729
-0.00599379786641
-0.026234907533
-0.035984835976
-0.0424829691624
-0.0337065911982
-0.014060826212
-0.0133258560729
-0.0107359490192
-0.00619163904353
-0.00625905252088
-0.00155126492441
0.00301348537426
0.00221298717608
-0.000588671822934
0.00210753791142
0.00707092075556
0.0118814917917
0.00841918553662
0.011307269912
0.00767365872623
0.00685841114275
0.00678923118962
0.00929870560156
0.0133832129862
0.0219554230417
0.0137826017174
0.00417204221416
0.0131301223618
0.00818092950565
0.00315215673126
0.00621377633923
0.00300392124588
-0.00335686739985
-0.00292457876986
0.00039151169587
0.00161946118196
0.00124837607856
-6.82336319434e-05
0.00295593238738
-0.00173286248688
-0.0149460330092
-0.0170301872531
-0.0240034622668
-0.0243723414853
-0.0210264344639
-0.018830860575
-0.0216467105489
-0.0215185900745
-0.0182519353712
-0.0145065115304
-0.0218062032129
-0.0195368202706
-0.025599702792
-0.0281466420921
-0.0249230592963
-0.014791362932
-0.0129369717182
-0.0151871826858
-0.0110553781475
0.0
0.0
0.0
0.0
0.0
0.0
0.00132344185357
0.00993672444838
-0.00598127907021
-0.0227991133075
-0.0374261422701
-0.0400700920117
-0.0436065987149
-0.0200870359057
-0.00647325661529
-0.00677314120085
-0.00501554665253
-0.00427816786186
-6.0513387973e-05
0.00236526100839
0.00610231533398
0.00539602461809
0.0027725966727
0.00855159802275
0.0131826678248
0.0128640022371
0.0115241211636
0.0108131602463
0.00780336795894
0.00642855791366
0.00865471948053
0.00881020382739
0.0181304121954
0.0200931468346
0.00269990342087
-0.00344834166637
0.00504103732156
-0.00395137971281
-0.0074592868066
-0.00369032136906
-0.00179794259276
-0.00575044507872
-0.00307558580096
-0.0010586648027
0.00377467908553
0.00539119050707
0.0031023929265
0.00133496888932
0.00103036236277
6.6973526655e-05
0.00119376161298
-0.00426383579184
-0.00407779658309
-0.0109007616398
-0.0214341420857
-0.0220465852417
-0.0203060644355
-0.0214753326316
-0.0194767242701
-0.0256988498766
-0.0277577869389
-0.0200583707033
-0.0172094121849
0.0106374926307
0.0133468606692
0.0154054807625
0.0156897832762
0.0143349973125
0.0
0.0
0.0
0.0
0.0
0.0
-0.00026422799737
9.68276036002e-06
-0.0146141887753
-0.0395483411628
-0.0423159995941
-0.0379073317282
-0.0204753517043
-0.00574697688698
-0.0055853034234
-0.00537826456941
-0.00543262550101
-0.00241204786881
0.00402939585556
0.0116894881502
0.0110554315388
0.0068631239915
0.00687015334929
0.0111382169331
0.0079403069704
0.00676573345402
0.0056664526923
0.00657825926432
-0.000351569913725
0.00179252752999
-2.8232678282e-05
0.00308136532791
0.00245916891016
0.00493858571768
-0.00563384640576
-0.00716197041783
0.00279245366462
-0.00196824899281
-0.00608504515668
-0.00999955362182
-0.00892015166309
-0.0060379582447
-0.00192281975309
0.000835031070623
0.0053912122625
0.00482363014029
0.00374341008507
0.000875125799493
-0.00185077138618
6.94482093577e-05
-2.6336320919e-05
-0.000614807757565
0.000972127195513
0.00213450451695
-0.000414937773829
7.2077730166e-06
-0.00914015338085
-0.0176492517505
-0.0221674372719
-0.023225239158
-0.0304679104711
-0.0344786747121
0.00640616253665
0.0103139952352
0.0102522383983
0.0134444136688
0.0159686522333
0.0147861024961
0.0
0.0
0.0
0.0
0.0
-0.000460762983674
-0.00105308722694
-0.00902401216517
-0.0321729102141
-0.041861528707
-0.0370297918887
-0.0118734633024
-0.00342050321985
-0.00402427698546
-0.00470118893279
-0.00382008925236
-0.001251971816
0.00458886179888
0.00974105127081
0.0115259724364
0.0105557236939
0.00433423655912
0.00238103345924
0.00538385587457
0.00316483972079
0.00146078021943
0.0017725758855
0.000221943974509
-0.000668495187795
-0.00246535455929
-0.00116903865324
-0.00097402206004
0.00170402739932
-0.00175701986258
-0.00237531614332
-0.0073951462939
0.00466918870011
-0.00142790629696
-0.0075360758131
-0.0115297349671
-0.0089374088262
-0.00741950310883
-0.000651700086294
0.00425518047997
0.00738878182047
0.00449662493891
0.00235139949549
0.00180712422977
-0.000178812396346
-0.00245477704596
-0.00604820471634
-0.0102885547292
-0.00540127383018
0.000392072873619
0.000523832657531
0.000664571946106
0.00208027651647
0.00188735094087
0.00275702196161
0.000219276036466
-0.00398069453847
-0.00814198052733
-0.00849094224188
-0.00179189693426
-0.00194619862777
-0.00243113730952
-0.00236505611458
-0.00272848479022
0.0
0.0
0.0
0.0
0.000875201077488
0.000109994782675
-0.00440717095627
-0.0216403291031
-0.038089580479
-0.043923884926
-0.0147774364774
-0.00381219598748
-0.00345775737671
-0.00327981670155
-0.00188031173221
-0.000972237102677
0.00505347254542
0.00919063890022
0.0119620308817
0.0119557386495
0.00818332645839
0.00152904710724
0.00235057913669
0.00478009520596
0.000904592579139
-0.000876670905152
0.00099342389078
0.00179915712419
-0.00053102686295
-0.00157548366397
-0.0054272686317
-0.000577374720119
0.00657965194349
0.0067584296313
-0.00314143505877
-0.00765051257594
0.00292990895286
-0.000662213450764
-0.00341948943017
-0.0040237113364
-0.00425166674856
-0.00627118944034
-0.000376309653154
0.00461833921469
0.00509336082279
0.00396390811852
0.0023932911449
0.00709813829774
0.0032531609661
-0.00472971381472
-0.00896680314331
-0.00915684836514
-0.00469003054729
0.000783788093929
-0.000578747248601
0.00413763213464
0.00541604694357
0.00474320572536
0.00507945643345
0.00326992881202
-0.000551496286643
-0.0018466758413
-0.00705088236943
-0.00801502822604
0.00287869705872
0.000916666786486
0.00322879803759
0.00200475813049
0.0
0.0
0.0
0.00101398897319
-0.00558994189068
-0.00747122750233
-0.0142997091964
-0.0269917411006
-0.0387608564894
-0.0220681966105
-0.00339604806738
-0.00181526675178
-0.00192629106244
-0.00221685699043
-0.00197050791937
0.00104058566909
0.00492868542364
0.0106359564644
0.0121447680698
0.00914825116713
0.00289453303242
-0.000586544514302
0.00414118624852
0.00302874815305
0.00248116296511
0.00300497796624
0.00463093233214
0.00351700353814
0.00507025194423
0.0026703474588
-0.00419505062391
-0.000449593135111
0.0111375600266
0.00958302364445
-0.00361568368847
-0.00859927165848
-0.000815968482749
0.00196230669559
-0.00317953696218
-0.00413206963449
-0.00882331550215
-0.00787453379515
-0.0013760422046
0.00621842858815
-0.000524687304614
-0.00221451296342
-0.000700756432373
0.00529087498964
4.82095971949e-05
-0.00597868688258
-0.0068208235052
-0.00690423185705
-0.00211545251725
-0.00261958525662
-0.0052216852335
0.000823734635728
0.00682685037529
0.0087235542456
0.0074960513704
0.00669947274378
0.00458660024044
0.000610494739412
-0.00230058291006
-0.00666678904993
-0.00514530428014
-0.000413961936361
0.00209047139731
0.00170839864624
0.0
0.0
-0.000366475168119
-0.00108565135422
-0.0058775231719
-0.00722568858133
-0.0128580953741
-0.026689489882
-0.0268392932838
-0.00638536686173
-0.0017196683491
-0.00042022898782
-0.00123816616281
-8.40168613528e-05
-0.0013431544205
0.00170230273238
0.00855008240391
0.0116155356031
0.0133331607604
0.00542795732431
0.00454568519352
0.0034919727659
0.00680030699228
0.00347821746789
0.00615697329291
0.00417598153215
0.00579286261733
0.00544403605215
0.00551294309155
0.00469184386229
-0.00193168270772
0.00399435370085
0.014993597249
0.00895669015727
-0.00490686015509
-0.00779757547652
-0.000428539583869
-0.000416977867709
-0.0052202731314
-0.00980882216357
-0.0046884410528
-0.00759552550828
-0.00229738930573
-0.0038372280659
-0.00673657737705
-0.00602022589932
-0.00574988219529
-2.7209099112e-05
-0.00238231267344
-0.00184806673376
-0.00958733491668
-0.00554038002787
-0.00134912382053
-0.00230821163098
-0.00899451342448
-0.00588164506094
0.0035900094424
0.00758258265583
0.00919161131357
0.00858910207611
0.00684943982579
0.00398402251372
-0.000778522591272
-0.00339840539591
-0.00865904834208
-0.00269269431861
0.00113249008092
0.00170190033008
0.0
0.0
6.76276008575e-05
0.00179200637458
-0.016189194084
-0.0131076320862
-0.0159211556831
-0.0227492884597
-0.00663698973038
-0.00283382553154
-0.00289613077635
-0.0029222244494
-0.00284458088676
-0.000391459895409
0.00214010020321
0.00663909311191
0.0114653957861
0.0130541487822
0.0115339763804
0.00626549386724
0.00616425805348
0.00499750185631
0.00923104816118
0.00553129044992
0.00533783036625
0.00555193116461
0.00840582747944
0.00572359039824
0.00501380404503
0.00656553759822
0.0017554098583
0.00615352515711
0.0131079205982
0.00931638303344
0.00220218126025
-0.000124958758577
-0.00463681511412
-0.00841613866053
-0.00610282554395
-0.00771877664758
-0.010474948895
-0.00834031240721
-0.0121517473574
-0.0105514994489
-0.0119719044715
-0.0102476578413
-0.0077265619133
-0.000302263751695
-0.00153512953062
-0.007499881097
-0.0149361870475
-0.00604210297137
-0.000622789543716
-0.00186573753554
-0.00678782486796
-0.00512502490387
-0.00268178470835
0.00395764395159
0.00956936477476
0.00916316055665
0.0080059627929
0.00421438871136
0.00138774940362
-0.00146375455211
-0.00863356106704
-0.00439254381816
-0.000257051868871
0.00163298315624
0.0
0.0
-0.000592313323817
-0.00117240339612
-0.0141900442385
-0.0177042471346
-0.0177833731395
-0.0102077520885
-0.00123698691349
-0.00136384020882
-0.00156477936796
-0.00137829208317
-0.00242485416445
-0.0022486904347
0.00112936883635
0.00935159260627
0.0151316344858
0.0145516005328
0.0104622155902
0.00852634844387
0.00862443724635
0.00718641360461
0.0126422518877
0.0118797637471
0.0124928688664
0.00881282337163
0.0102517424176
0.00859059421124
0.00497766554511
0.00403690134371
0.00364300964763
0.00517203125275
0.0148469525082
0.0138086247125
0.00737541948512
0.0028783280245
-0.00593424351864
-0.00612116552557
-0.00388745042175
-0.00794452617266
-0.00247867490297
7.20272524773e-05
-0.00477873866713
-0.00471869414641
-0.00841392720566
-0.0129243378521
-0.00858731951877
-0.000851444325647
-0.00271435953223
-0.0124137115641
-0.0116365437821
-0.00202762455771
0.00131031987219
-0.00100724110318
-0.0058651703899
-0.011184392101
-0.0033598199477
0.00491435233237
0.0105431328357
0.00993269873514
0.00635998359469
0.0043440605183
0.00376429984493
0.000236645528001
-0.00435267253846
-0.0069046470083
0.0008755469326
-0.000385306484101
0.0
0.0
0.000148923346347
-0.00213460354105
-0.0174620012995
-0.0142890693174
-0.00720329126697
0.00542332426263
-0.00430512525563
-0.0012083292479
-0.00120821611749
-0.000746239343211
1.12151991645e-05
0.00211267962384
0.00545162458491
0.0122215603766
0.0152676936906
0.0144885936634
0.0117144978341
0.00888340647892
0.00834826202274
0.0113495563895
0.0143664319062
0.0137730201938
0.0141479086217
0.0129845556076
0.013379890874
0.0118617952484
0.00471515112545
0.00465627745018
0.0042068540144
0.00909983396577
0.0138864552559
0.0129704740177
0.00885588938349
0.0070051519427
0.00460940517809
0.00733606046943
0.0108334862147
0.0103398061211
0.00763324231532
0.00377763170323
0.00971582510553
0.00548158369491
-0.00108594731262
-0.00542401761642
-0.00844799861303
0.00272888520497
0.00170486010864
-0.00984624482848
-0.00536946842521
0.00531157446559
0.0112194514879
0.00408233428508
-0.00856975306211
-0.0109596772161
-0.00229912163969
0.00250409571727
0.00802589974639
0.00918137595742
0.00925949211937
0.00555173341314
0.00187282173783
0.00136797733477
-0.00366117847314
-0.00590517163874
6.95727235486e-05
0.000214165800076
0.0
0.0
-0.00171607280986
-0.0142726443343
-0.0136146916949
-0.00822654842125
0.00130952346693
0.0106858876276
0.00226540854474
-0.00230661947855
-0.00250535959841
-0.00412887727394
-0.00340439308574
0.00315357162251
0.00352572332094
0.0105095591943
0.0161831442041
0.0142799283061
0.011353265865
0.0100479666044
0.00952202593646
0.00977440652765
0.0144833495814
0.0131640785037
0.0128778207607
0.0140002216987
0.0161960597496
0.0132290279363
0.00720356312346
0.00276352670287
0.00611707785635
0.0113757118239
0.017087130543
0.0188267390793
0.0164646809355
0.0186067218161
0.0244678767876
0.0232882445772
0.018072917155
0.0138424754884
0.00778399938821
0.010341256863
0.0132777660189
0.0116965265056
0.0042898304193
-0.00261000319826
0.000985119674646
0.00933687360698
0.000125014095769
-0.00767534716254
0.00120031115233
0.00894575996159
0.0155718442761
0.0021422803408
-0.0112240750763
-0.00970174981949
0.00105649749216
0.00638271045217
0.0108569681696
0.00586738909387
0.00754948570882
0.00574524821226
0.00283605121567
0.00157057112993
-0.000909297651277
-0.00447610923905
0.00030695607471
-0.000679331814882
0.0
-0.000906836362945
-0.000107924132198
-0.00843652157333
-0.0128824411859
0.00937486394244
0.0128780506812
0.0103893837207
0.00367068007928
-0.00198864327999
-0.00100735824168
-0.00032141773028
-0.000541771622602
0.00540411923197
0.00718036987991
0.0103163294497
0.0116972676756
0.0135107615837
0.0131996870948
0.0110864298691
0.00954548009501
0.00935280784365
0.0122993354387
0.0119414616595
0.0110617873877
0.012640950741
0.0138101341313
0.0146672387131
0.010748979947
0.00316250007327
0.00657484118169
0.00536540790405
0.0159168380526
0.0181826316336
0.0212014326155
0.0248460796769
0.0235847472672
0.0216633593251
0.0109574531117
0.00688623866858
0.00228267233418
0.00984637268738
0.00719427259394
0.00834387528065
-0.00210686773182
-0.00974054878188
-0.00511571385552
0.00202482113479
-0.00805993764367
-0.00853839896292
0.000257583024814
0.0095878967972
0.00850118166129
-0.00026057044407
-0.0143876646133
-0.0150898700075
0.000301697934926
0.0101587925905
0.0138273443226
0.0112366793811
0.00776423896209
0.00797818241446
0.00458013252553
0.00103395249531
-0.00280649919574
-0.00467155341164
0.000997876399381
-0.000120074781405
0.0
0.0
0.00117562391372
-0.00209750226117
-0.0112251552215
0.0205864940104
0.0106904551273
0.00885422700153
0.00168720483289
-0.00421745929471
-7.78460199759e-05
-0.000656915561485
0.00212746712324
0.00511843743308
0.00894553476374
0.0131290088173
0.0119935943804
0.0110310728541
0.00852211905165
0.00885756280534
0.00948349828557
0.00817179346555
0.00899299816634
0.0127300656478
0.0115824779081
0.011041818251
0.0126837082228
0.0152811467449
0.0131656761215
0.00705826711756
0.003790105566
-0.000592422011148
0.00627540371617
0.00931107733875
0.00833812996021
0.0134005606448
0.0133457823885
0.0101287180627
0.00503367274155
0.000691796796217
-0.00306145114975
0.000117138410545
-0.000866675011663
-0.00151869616628
-0.0014892352719
-0.0123336047
-0.0152290299438
-0.00198200812734
-0.013112698734
-0.0083922895512
-0.00234847356595
0.00598460806567
0.00586023640268
-0.0046164876963
-0.0161845391576
-0.0158756425971
-0.00322068010753
0.00901133414717
0.0141974340556
0.0161437767802
0.00810792021943
0.0058533931971
0.00336305969544
0.000996100015776
-0.00416363778428
-0.00345756982825
0.00208228118034
0.000589755216327
0.0
0.0
-0.00173156009509
-0.00701249080824
-0.00191076442895
0.0219753794762
0.0157284247682
0.00838359960463
0.0057471152541
-0.0058188546253
0.000317880834804
-0.00172627807634
-0.000365204501449
0.00521400279487
0.00953380481132
0.0142649310506
0.0142397486791
0.0117272754544
0.00823114067766
0.00655970761559
0.00587695288723
0.0014849887618
0.000797204680948
0.00300437322478
0.00704341451949
0.0093523204065
0.0131445660003
0.015455180129
0.0100021326143
0.00507820293419
0.00321999499478
-0.0043072732631
0.00393544577342
0.0039403712815
0.00362510780872
0.00902511601128
0.0117685548667
0.0104594396644
0.00717301942837
0.000413501410961
-0.0045261637167
-0.00376448924479
-0.00272364744281
-0.00438264149617
-0.00170693247532
-0.0115636808947
-0.0136515618775
-0.0041693654909
-0.0130215683646
-0.00447767043128
-0.000955286728706
0.00486609594293
0.00359966583162
-0.00490068391226
-0.0184837498967
-0.0168913446117
-0.00717815740057
0.00810225133569
0.014721536139
0.0179007789655
0.00971366711809
0.00379239626208
0.0017065663946
0.000241806565638
-0.00325536450304
-0.00299139452137
0.0015691421677
0.000279766134693
0.0
0.0
-0.00180827082888
-0.0113814329123
-0.00141432359582
0.0147691081133
0.0106096716485
0.00930315161735
0.000951390896792
-0.00516034384954
-0.00179154361744
-0.00210803732406
0.000368702971472
0.00469618877738
0.0100222117092
0.0123887977163
0.0170100801346
0.0101040811569
0.00789472671952
0.00624424142671
0.00453729675306
0.00377488920394
-0.00122539415631
-0.00319649471355
0.00236587117756
0.00160821646132
0.00381970250913
0.00857299145546
0.00774085509969
0.00320864599357
0.00268474147586
-0.00362322272035
0.00287169571072
0.00506758990926
0.00615765338036
0.00651040467015
0.0119492147163
0.010563132601
0.00464913858227
0.00233165674933
0.00238153052789
0.00469915540973
0.00233893311669
-0.0015593341297
-0.00765397622542
-0.0105877319796
-0.0132695289041
-0.00136163685071
-0.00998938031105
-0.00318670068946
-0.000691087611677
0.00429304447761
0.00306210578704
-0.0035088595673
-0.0179998683734
-0.0129306936397
0.00130212553642
0.00677477382048
0.0134022185486
0.016445683806
0.00844173150254
-7.74574762582e-05
-0.00112886889427
-0.00217409338246
-0.00555878100726
-0.000191076255831
0.00280851208084
0.000266036655813
0.0
0.0
-0.00187830313799
-0.0124376240603
-0.0046748266516
0.0149472342023
0.00627622650989
0.00794548184861
0.00390011301096
-0.00684959665822
-0.00433734229197
-0.00232077655312
0.000167800652764
0.00315747381867
0.00688980884035
0.0107729842129
0.0137722152469
0.010142805675
0.00638998655297
0.00640077344099
0.00184692633881
0.000110029074276
0.00186465281155
-0.000261705097905
-0.000843569836249
5.73874055939e-05
0.00265704808485
0.00431933309936
-0.00304241062115
-0.000829155894371
0.00329735069862
0.00351268968719
0.00326933200068
0.00218584388115
-0.00312698509303
0.00261302437084
0.00877673477242
0.008031638144
0.00371963661569
0.00212072845043
-0.000201225747611
0.00989028890238
0.011023986268
0.00681575722221
-0.00301702531781
-0.0061514613986
-0.00036758556883
0.00247161365103
-0.00358625753042
-0.00198226038879
-0.00303658364326
0.0034449823694
0.00302379369375
-0.00102845163212
-0.0163127217413
-0.0118289072525
0.00401703222972
0.00912121666569
0.0133065546311
0.0125571088356
0.00578195423717
-0.0024163103645
-0.00526338214234
-0.00497048792062
-0.00527416092432
0.00124640797008
0.00257825019704
-0.000678238033734
0.0
0.0
-0.00129738153103
-0.0133905216084
-0.0075599030497
0.0147866651636
0.0135589091569
0.010831606485
-0.005595206347
-0.00774498627279
-0.00524236753975
-0.00262816161404
-0.00248998944805
0.00099301531688
0.00620328819701
0.00898201002734
0.0112422718437
0.0118408778578
0.00714936426887
0.00638375819988
0.00199588161833
0.0029587029594
0.00218180320312
-0.000762230177134
0.00050692212178
-0.00393183413469
-0.00136158013815
0.00424643280763
-0.000420370257334
-0.00200568322571
-0.00612270922942
-0.00397338645408
-0.00236030230242
-0.00276514059642
-0.00494509791392
-0.0025883099598
0.0025133915409
0.0017293722888
0.00145927128444
0.00177958595711
-0.00353821714864
-0.00180609679683
0.0124292023293
0.0109788533796
0.000888958481855
-0.0032630303271
0.0110093381123
0.0101785335546
0.00357312605632
6.82789227649e-07
-0.00112493182544
0.00466191826159
0.00209998344036
-0.00129438862292
-0.00909769926303
-0.00657733394864
0.00282710541683
0.01103998551
0.0139434998048
0.00907528791089
0.00203694120045
-0.00409851358877
-0.0104130108766
-0.0104355407903
-0.00551580371288
0.000912405030808
0.00129116845585
-0.000437967083692
0.0
0.0
-0.00175668943664
-0.0148632463598
-0.0117569277624
0.0119838767607
0.0102076719739
0.0161486914574
-0.00852584061077
-0.0118737165007
-0.00418780830637
-0.0047358715872
-0.00326322245895
0.000524479983589
0.00349416078816
0.00834872271675
0.00838441312823
0.00917084728234
0.00741213962939
0.00295476330682
0.00375500507439
0.00180858140271
0.00326549247271
-0.000260029240589
-0.00107701149833
-0.00698747296854
-0.00540410385155
-0.00171779421781
-0.00156982192285
0.000303446570613
-0.00691654720266
-0.0168856785649
-0.00897474452312
-0.00791001968514
-0.00952518576088
-0.00978237249258
-0.00679451063457
-0.0036899713568
-0.00957617161199
-0.00732778890949
0.000961430224474
-0.00244768318544
0.0103235073101
0.00797669804775
-0.0014177863777
-0.00232127151069
0.00263468495971
0.0102109184081
0.006381575585
0.00323187301235
0.00184280452622
0.00709558658804
0.00532214988431
0.00154860445697
-0.00359830376346
-0.00478698274753
0.0042283018032
0.0034673084194
0.00618916859931
0.00213982752197
-0.00224549708234
-0.00917173008858
-0.0123098071599
-0.00986721091198
-0.00274995246795
-0.000395034283707
-0.00146252354278
-0.00219591317665
0.0
0.0
-0.000775896366083
-0.0123108916637
-0.0115524476834
0.00222518291264
0.0120078374672
0.0126244413682
-0.0091249583812
-0.0175741221455
-0.0066993507622
-0.00571383032462
-0.00255831225291
0.000988965436928
0.000934028977925
0.00348616088075
0.00558577422816
0.00491801993088
0.00338411275301
0.00199171985802
0.0018312845163
-0.000976588738416
-0.000826738371551
-0.00276366381514
-0.00231640323053
-0.00427420172281
-0.00586666305558
-0.00446968234667
-0.00612622309185
-0.00657119176926
-0.00707204732544
-0.0116632394735
-0.0166059273409
-0.0196720226923
-0.0163556515436
-0.00956113576664
-0.0139461401855
-0.013731061082
-0.017355963543
-0.0126471964827
-0.00602098000902
-0.00744201632343
-0.00402205896892
0.000556263823358
-0.00153551480035
-0.00410306896658
0.0046088404768
0.00985371044083
0.0106646295628
0.00408698891778
0.00400537477471
0.00667580723595
0.00893055874815
0.00640388752254
0.00149266069299
-0.00887911163063
-0.00498875849627
-0.00251529312555
0.00097446650826
0.000496820057097
-0.00344454737374
-0.0105702833299
-0.00887896566643
-0.00561966059746
-0.00157128905421
-0.000379059215957
-0.00161606989527
-0.00289753922061
0.0
0.0
5.74834432321e-05
-0.00821449510552
-0.00720072753381
0.00539377258529
0.0107756065572
0.0140241241265
-0.00180383130594
-0.013266732153
-0.00889340806888
-0.00506235623383
-0.00511656770401
-0.00307932622721
-0.00135987118263
0.00286083548916
0.00529540000063
0.0026525114967
0.000179205994072
-0.00264283011827
-0.00208081293184
-0.0031497623507
-0.00398731450015
-0.00568319953512
-0.00444504660181
-0.00649878870919
-0.00693512436944
-0.00599114197647
-0.00578893866137
-0.00391494249527
-0.0108919135876
-0.0143333041877
-0.0132001593954
-0.0222740754866
-0.0241348894055
-0.0153849415462
-0.0193421949877
-0.0188401440461
-0.0166704639643
-0.0144122099289
-0.0159772943332
-0.00599045584818
-0.0125361443387
-0.00683124167343
-0.00735710958114
-0.00995797149306
-0.00128120564427
0.00323747247037
0.0113269453094
0.00498233930045
0.00282560987101
0.00553440858518
0.00662907152285
0.00528690746816
0.00277928759359
-0.00804964553338
-0.00404952592246
-0.00302110819581
-0.00168502849002
-0.00349209434148
-0.0067278841889
-0.0116545296541
-0.00862658887159
-0.00267195994232
-0.00192463061463
-0.000869093604835
-0.00213794731488
-0.00603555728729
0.0
0.0
0.0
-0.00588986434147
-0.00951861031537
0.0060649478301
0.011027377513
0.00942152856653
0.00889298638813
-0.0135557993845
-0.0136569450051
-0.00547475543586
-0.00400840729964
-0.00407435255576
-0.000328837858622
0.00178267106224
0.00374397690903
0.00142167643269
-0.00338035898285
-0.00407742480166
-0.00210822937263
-0.00284127679164
-0.00390508408411
-0.00464866493217
-0.00603770524167
-0.00848589855987
-0.0103337362158
-0.00689590379097
-0.00872434556831
-0.00479900487185
-0.0130811320776
-0.0221748505892
-0.0111079573535
-0.0107390801378
-0.0193235219961
-0.0168581081279
-0.0201589022108
-0.0183370029549
-0.0139629964374
-0.016933393898
-0.0152653864335
-0.0110486957722
-0.0165995634986
-0.0136848512095
-0.00941053864403
-0.0109650526453
0.0083149693454
0.00287309128361
0.00746259818205
0.0106468028023
0.00258200561024
0.00274265164109
0.000598480684096
0.000760025972056
0.00130700925491
-0.0116426562468
-0.00818743338205
-0.011576028926
-0.00784265859269
-0.00480207838006
-0.0117332127038
-0.0138814103059
-0.00719494313599
-0.00375628993207
-0.0051617320247
-0.00703649187745
-0.00877901638906
-0.0131805335454
0.0
0.0
0.0
8.61109804793e-05
-0.00980296874283
0.010694641287
0.014025823498
0.0118703658862
0.0140314525212
-0.00849848277589
-0.0140961363704
-0.0104291851655
-0.00437364653432
-0.0048667796613
-0.00372792164922
0.00251874519407
0.00146357375092
0.00352910760573
-0.00224997266127
-0.00527791601296
-0.00417739675402
-0.00553987343334
-0.00379469395251
-0.0070189973289
-0.00522059296253
-0.00987974179669
-0.0120744076175
-0.010181811772
-0.0111447627905
-0.0074178599596
-0.0122031272874
-0.023050157894
-0.0100627960242
-0.00673102132821
-0.0112444774843
-0.0128573603394
-0.0128782298376
-0.0127014102257
-0.00772298952477
-0.00652989655274
-0.010971147647
-0.0128758374452
-0.0184316871283
-0.0142771434945
-0.0112212751441
-0.0129583295084
-0.00173691720094
-0.00128566610961
0.00307628527394
0.00825166049842
0.00964838289055
0.0029404637667
0.00084959058906
-0.00268018451511
-0.00602860803208
-0.0129832602479
-0.0130536232954
-0.0138524467335
-0.00984472166236
-0.0115721580104
-0.0130396772115
-0.0136908969556
-0.0138534920019
-0.0142089368777
-0.0120373184033
-0.0113753878411
-0.0120182284471
-0.0180567684949
0.0
0.0
0.0
-0.000419026101644
-0.00713816509903
0.00296646023212
0.0169112170277
0.0138972286954
0.0169470101866
0.00318789632692
-0.0118719504322
-0.0127141689981
-0.0063245745088
-0.00379185096736
-0.00338860983927
0.000316347842032
0.00042965598548
0.00039064642472
-0.00376193285877
-0.00598912487109
-0.00603644902695
-0.00581529872323
-0.00508022566467
-0.00727527658858
-0.00752393606191
-0.0106065559294
-0.0118026132147
-0.0118503119822
-0.0126709141998
-0.0118970678116
-0.0154881745982
-0.0153101786332
-0.00870189406917
-0.0071415911022
-0.00668099854984
-0.0092364117467
-0.00576083132277
-0.00399148371512
0.000940570885138
-0.00023999157196
-0.00777299176496
-0.0104257897355
-0.0160677103574
-0.0170592707918
-0.0123693832089
-0.0147029919449
-0.0141604475323
-0.00994745382646
-0.0113339675294
-0.000759413490631
0.00450989345621
0.00158850203453
-0.00142473091841
-0.00624495149231
-0.0121492623104
-0.0194853194685
-0.0186939432614
-0.0175179325434
-0.0163330279227
-0.0161268357654
-0.0152947411372
-0.0190630391083
-0.0183338262739
-0.0160580955577
-0.0127223469643
-0.0112477262878
-0.0188044371322
-0.0191168259095
0.0
-0.00102861599142
0.0
-0.000993699040832
0.00172162064303
-0.00699709718102
-0.000705422441912
0.0116598597956
0.0198309580092
0.0164495287799
-0.00503700507666
-0.0103577188154
-0.0114306536657
-0.00783324217871
-0.0021013723315
-0.0019445362849
0.00128449486461
-0.00241183835885
-0.00647801111989
-0.00589149346542
-0.00669597700707
-0.00670652876589
-0.0080824824484
-0.00854308721914
-0.0109819769387
-0.0144726770243
-0.0128831687647
-0.0138737353049
-0.0120229161113
-0.0150790688494
-0.0184342640988
-0.0164529563334
-0.00741308528496
0.00194895720935
-0.00362062630441
0.00138078544078
0.00412341629832
0.00418207596018
0.00502916065396
0.00295204946248
0.00304623915865
-0.00537217030582
-0.0068730850758
-0.00994082733887
-0.0113308739334
-0.0117194018506
-0.0128615077256
-0.014550696447
-0.0173013451481
-0.0159961861076
-0.00994163195849
-0.0039136606996
-0.00611551879357
-0.00763798501861
-0.0163195966172
-0.0210612685148
-0.0170856038676
-0.0169206201674
-0.0160445834503
-0.0166201622014
-0.0174999879828
-0.0181254697061
-0.0173044128743
-0.0145046566016
-0.0126343026886
-0.0149520216924
-0.0184612618289
-0.0214268186376
0.0
0.0
0.0
0.0
-0.00133424833438
-0.00554434145232
-0.0219466631951
0.010856924271
0.0210624467626
0.0204554796947
0.00265527537883
-0.00827084868438
-0.0103352661224
-0.0102266692214
-0.00998186472411
-0.00426864341706
-0.00307284812355
-0.00359218459851
-0.00601077705752
-0.00803389251175
-0.00704584495076
-0.00692754511977
-0.00816474365813
-0.00886026216208
-0.0120111562729
-0.0135335707129
-0.0156022455584
-0.0144118548235
-0.0176429090302
-0.0168178372116
-0.0190386294247
-0.017204904991
-0.00612126438929
0.00595954928036
-0.000804826285444
0.00365119382214
0.00326472722325
0.00307641817849
0.00422267093215
0.00761601873389
-0.00290238527485
-0.00498289505273
-0.00364585866658
-0.00699681780851
-0.00981286129683
-0.0106402928275
-0.0138226880018
-0.0123019246627
-0.0190426318682
-0.0198137743734
-0.0183822382764
-0.00851135208052
-0.00552494916655
-0.00378884305212
-0.0139312608721
-0.0178709076405
-0.0175480655541
-0.0172039963072
-0.0184294327632
-0.0209900871007
-0.0192075611224
-0.0198211079056
-0.0177136483856
-0.0131588375562
-0.0116443012953
-0.0141823901968
-0.0165416506563
-0.0172488682943
0.0
0.00112255676041
0.0
0.0
0.00238697529148
-0.000108754981542
-0.0179217685646
-0.0046655239042
0.0183257916716
0.0210779156001
0.0166165699575
0.000951316397509
-0.00752649830909
-0.0105785010468
-0.00923278037033
-0.0109719519466
-0.00747256967574
-0.00542946956128
-0.0111647756384
-0.0116816844043
-0.00984653599163
-0.0090372032507
-0.0101192042912
-0.0098138819095
-0.0115430657515
-0.0140594894456
-0.0154679955294
-0.0142466058798
-0.0181118524724
-0.0195347466545
-0.0190112012737
-0.0151088273804
-0.00310476413257
0.00455844091837
-0.00163245892646
0.00538187976217
0.00342518133488
0.00264872889144
0.00418023564444
0.000127456602146
-0.00244404529599
-0.00469752907174
-0.00553876388233
-0.00834057138109
-0.0104240544523
-0.0136529684758
-0.016893917697
-0.0192267634129
-0.022727772454
-0.0227107040207
-0.0129743684822
-0.00660586466637
-0.0064618603083
-0.00560701009856
-0.0110823555551
-0.0161821952216
-0.0156557956126
-0.0173705729204
-0.0134469345422
-0.0144301030937
-0.0167610949725
-0.013728370818
-0.0107584245115
-0.00642803406953
-0.0107710174544
-0.0132120488329
-0.0143258470045
-0.0143744076501
0.0
0.0
0.00180567757205
0.00226731618809
0.00254677085777
-0.000272482002618
-0.00511715782769
-0.0120051125507
0.0106607298473
0.0208294609289
0.0226988226779
0.0147500805716
0.00174202056015
-0.004859186419
-0.00998135207149
-0.0117313377733
-0.0100286978627
-0.00990749189222
-0.0098550492054
-0.0163225211252
-0.0139907438943
-0.0120425096218
-0.0117169314881
-0.0119672528196
-0.0129303738245
-0.0124549938357
-0.0150323481408
-0.0144390850767
-0.0156734588596
-0.01774608777
-0.0189349258297
-0.0136892766313
-0.00318732173045
-0.00112654725764
-0.0099763111485
-0.00299689919573
-0.00379787097787
-0.00537660129764
-0.00707017986508
-0.00690548715975
-0.0123570638406
-0.0130972071984
-0.015309327424
-0.0161159503855
-0.0164991278499
-0.0178324687118
-0.0202018313249
-0.0216501331341
-0.0240303410357
-0.0252855177134
-0.0196635979074
-0.0103216372201
-0.00665750957562
-0.00492286826675
-0.0120413112399
-0.00843115737712
-0.00527232851251
-0.0134725645191
-0.0190757916049
-0.0211802103788
-0.0216442167919
-0.018647463449
-0.0178944271291
-0.0243947561065
-0.024183144574
-0.0165567139501
-0.0192409169408
-0.0138315168149
-0.000926423112678
-0.000686939952213
-0.000343469976107
0.00321985953208
0.00534919708989
0.00801861810605
-0.000933616704755
0.00353600062007
0.00729851186595
0.0240991371944
0.0246463144345
0.0214773786565
0.0156708665166
0.00370925388668
-0.00514262387395
-0.00775564615854
-0.010461800466
-0.0135947836305
-0.0154743145094
-0.016092970008
-0.0183411154952
-0.0163205147849
-0.0150124144773
-0.0153293384483
-0.01378701525
-0.0129657681887
-0.013835106522
-0.011169979603
-0.0114746773305
-0.0142084930074
-0.0147060304749
-0.0113892707368
0.000470792609619
-0.00576518920436
-0.0111632936448
-0.00825281626699
-0.0113306358124
-0.00561940494196
-0.0105514868773
-0.0115944624677
-0.0158548560953
-0.0158331690143
-0.0161268187752
-0.0145115880131
-0.0149980764986
-0.0207104225403
-0.0185365372607
-0.0171398378446
-0.0224750612449
-0.0195341297199
-0.0166483711538
-0.0105762347589
-0.00759856453225
-0.00480079678239
0.000386858885625
0.0135917114359
0.0154604154922
0.0170500801379
0.00454581526729
-0.00813910793476
-0.00818006591951
-0.00674088650048
-0.0229470744831
-0.0257862546919
-0.0221460167417
-0.0250675725591
-0.0163366974356
-0.0150626395768
0.0
-0.000238406798323
0.00201962306819
0.00414861699833
0.00677234990495
0.0073937914392
0.00483212879117
0.0101479761644
0.0233648591937
0.0250698756123
0.0270699116697
0.0179840487013
0.020256491854
0.0210010421431
0.00584453476322
-0.00173039032349
-0.00816688045709
-0.0102462827263
-0.0128812425793
-0.0179378718969
-0.019879971113
-0.0247423065835
-0.020292024487
-0.0177207301039
-0.0169111031201
-0.0177534114961
-0.0181912262419
-0.0179345818471
-0.0167178174406
-0.0134917925615
-0.00935646767195
-0.00312909662595
0.000280879684312
-0.00555271540039
-0.0122761017721
-0.00765810483937
0.00106381956912
-0.00572300738247
-0.0112178708139
-0.0132696514523
-0.0148550485406
-0.0174851439592
-0.0146509795187
-0.0135463598036
-0.020388199034
-0.0206586189086
-0.0220699971653
-0.019804271852
-0.0176437954197
-0.002512181695
0.00665735962581
0.00998698637328
0.0156124849679
0.020479777399
0.0167814547662
0.0163588599228
0.0145126284524
0.0167792440641
0.0184593316339
0.00378981432727
-0.00826015661863
-0.0114598504498
-0.00997180041068
-0.0134117334951
-0.0121880782492
-0.0122933831648
-0.0106047766936
-0.00636420464391
0.0
0.0
-0.000591743427394
0.00374206196795
0.00675675887866
0.005984671249
0.00691038868451
0.00750684789519
0.0132346558522
0.0279790075136
0.0378463898005
0.0225505731722
0.0191610227712
0.0217760404059
0.0209777609602
0.0100502961791
-0.0001717688445
-0.00834563497562
-0.00951522710793
-0.0142449049312
-0.0173905911749
-0.0243497424678
-0.0277957923812
-0.0233696667117
-0.0224938128262
-0.0227059589395
-0.0212748639486
-0.0204139367347
-0.0231846135076
-0.0231316917848
-0.0223158153714
-0.0173729391714
-0.00486312266957
-0.00180163936888
-0.00869202576735
-0.00941148029279
-0.0028927677972
-0.00534988805021
-0.0160565380053
-0.0171368915548
-0.016755076766
-0.0170973257271
-0.0152650483261
-0.0167031379526
-0.0198523489349
-0.0210285050468
-0.0230137948056
-0.0223653136504
-0.000898175294663
0.0157338468441
0.0133101996952
0.0163801670241
0.0160555012528
0.0141682076432
0.0165768166974
0.0163665143134
0.0213212974774
0.0204509643435
0.0176376357031
0.0109654705641
0.00161463950335
-0.0214900005403
-0.0212335117464
-0.0152857088092
-0.00332210986899
0.00488667541236
0.0137508562133
0.0273990936609
0.0
0.000770719041161
0.00165558657801
0.00327165243548
0.00614420578322
0.00747193481661
0.00707416266105
0.00618587576345
0.00846601240572
0.0193673385456
0.0277530208554
0.023570410027
0.0234729970868
0.0219989170119
0.0209782688255
0.0199789657449
0.0124106928808
-0.000840465280956
-0.00574111891515
-0.00993495785868
-0.013359374341
-0.0187312328825
-0.0267844939686
-0.0286128481424
-0.0291180451732
-0.0276099694209
-0.0313938870559
-0.0324928695672
-0.0267748103121
-0.0257421122523
-0.0234774595945
-0.0219978214274
-0.0148669519851
-0.0111886752703
-0.0143321373874
-0.0188991336807
-0.0204284832217
-0.0154542410682
-0.015134517634
-0.0161910072276
-0.0182468143837
-0.0196121964326
-0.0197349469562
-0.0174986039808
-0.0208374384186
-0.0247146608932
-0.0197339530898
-0.0135640015031
-0.00439757256747
0.0123076309238
0.0119416861838
0.0149847034061
0.0145545751173
0.0202368589195
0.0172292356579
0.0169103199126
0.0168965543368
0.0126520286014
0.00591047382611
-0.00100505421903
0.0082432307129
0.000117360580275
-0.0141525184645
-0.0249720155225
-0.0283242423699
-0.00876005759894
0.000725051937616
0.00230314538714
0.0
0.000884149962083
0.00269287946247
0.00481242705173
0.00503798126466
0.00735915771014
0.00557453519577
0.00607024147416
0.00811572912935
0.00739826352224
0.0183805198562
0.0122502071166
0.0172766668813
0.0198540557407
0.0217176590869
0.0198088241651
0.0212049146344
0.0122102817042
0.00136708168517
-0.00424621629599
-0.00672513790749
-0.00997820934488
-0.0164686460553
-0.0253323623869
-0.0308488362357
-0.0320493049663
-0.0344770624431
-0.033640548409
-0.0343210854224
-0.0350785993681
-0.0318450125499
-0.0310743930935
-0.0268547756336
-0.0231168979166
-0.0210130741633
-0.0249276686388
-0.0247266795768
-0.0212235689449
-0.0155836041077
-0.0127140578646
-0.0125436509204
-0.0233175464562
-0.0263002010739
-0.0236148016485
-0.0209712932569
-0.0190004994708
-0.00713050163425
0.0033984825033
0.00446423590381
0.0188344637633
0.0190143829579
0.0165658062312
0.0194874127398
0.0168393569337
0.0129024676588
0.00562914369599
0.00147537677578
0.00165916729844
0.00303407861327
0.000753858273962
0.000296428041429
0.0051809502153
0.00127763158183
-0.00156077506802
-0.021239470726
-0.0292865334673
-0.0239375678286
-0.0172122103459
-0.000128499990899
0.00193651191653
0.00589031254766
0.0044345750118
0.00670575696198
0.00651698069116
0.00781737812329
0.00734501241563
0.00599831202039
0.00607024147416
0.00726219849663
-0.000991747347435
-0.00530519928491
0.0289802111871
0.0216942171168
0.0200616681402
0.0204548245718
0.0198384094021
0.018305337066
0.00912702687193
0.00232052987554
-0.00379604126549
-0.00719397612043
-0.0106587266548
-0.0147106996707
-0.0198045869763
-0.0273868945263
-0.0297312224029
-0.0305749874898
-0.0303183130397
-0.0306739284409
-0.0317507658031
-0.0311798253249
-0.0334595751604
-0.0333808918159
-0.0284958538602
-0.0281779735731
-0.0261235119722
-0.0269760826155
-0.0299263838386
-0.0312968953345
-0.0284890742923
-0.0247472979076
-0.0187138963669
-0.0133816017073
-0.000283561010972
0.000759677359426
0.0031764505517
0.0110075254741
0.020167755472
0.0100057993466
8.79109384218e-06
0.00302267200203
0.00232094697682
0.00419656739995
0.00571991772743
0.00114116154448
-0.000707309814441
0.00325172687811
0.00370394505787
0.000289078944614
0.00561812227718
0.000586846405688
0.00238259778168
0.00169421998337
-0.017063774838
-0.0226509400961
-0.0208442718608
0.0
0.00177781002535
0.00589031254766
0.00650956920557
0.00557453519577
0.00662234631205
0.00781737812329
0.00702011846766
0.00781737812329
0.00651698069116
0.00742397517659
0.00718681324596
-0.00652547263138
0.00613251801666
0.0266754425285
0.0290471424815
0.0211693397447
0.0183600023778
0.0187695357873
0.0195077753845
0.0182238887931
0.00627690412972
0.000532272526985
-0.00379700622394
-0.0069466903149
-0.00390116747843
-0.00424357646878
-0.00441179108032
-0.00853303197918
-0.0124946583074
-0.0139043089471
-0.0162282446753
-0.0159169429782
-0.0143640916304
-0.013243461581
-0.00711867672149
-0.00668156083386
-0.0115166978499
-0.0157925741239
-0.00914167273423
-0.00789049590469
0.00057134244098
0.0113504171889
0.00359403213919
-0.000339576536039
-0.00195339222399
0.00139285083608
0.00724461324584
0.0136734458878
0.0110703174291
0.00878072867781
-0.00202021145784
0.00036672986125
0.00290002220369
0.00273892138863
0.000537709122903
-0.00109375058977
0.00389144510497
-0.000678307826349
-0.00066376147368
0.000546307137377
0.006474125921
0.00141761864648
-0.000528000454586
0.00432747812465
-0.00937143920502
-0.0212086547386
-0.0198631685358
0.0026388797261
0.0029255456627
0.0044345750118
0.00523416902107
0.00747193481661
0.00747193481661
0.00801356587972
0.00599831202039
0.00742397517659
0.00662234631205
0.00742455625225
0.00781737812329
0.0097486718706
0.000222900684686
0.0183300858559
0.0233304578804
0.0314015126762
0.0207214019801
0.0200342332661
0.0163611597125
0.0223940264695
0.0211937931007
0.016076259353
0.0121119388344
0.0100058130915
0.00736089557536
0.00445875326621
-0.00173683695563
-0.00527070918178
-0.00719039804642
-0.00649903331311
-0.00890970779922
-0.00605808650876
-0.00364834295014
0.00310331395537
0.0132042960983
0.0176270998944
0.00321563715169
0.000250539493788
0.00268679574555
-0.000724626207703
-0.00131361799941
-0.00108634869303
0.00871030298569
0.0116587480257
0.0160977156552
0.0129176541929
0.009610016029
0.0102184641539
0.0156550493823
0.0120376050175
0.00425533190365
-0.00369689925841
0.00249705302017
0.002457313073
0.00467819446736
0.00392774617123
0.00372355639443
0.000960381378647
0.000251332096586
0.00144441638275
0.00308023792945
0.00631128156017
-0.00249773540402
0.0027805620015
0.00193202952982
-0.0192705266727
-0.0221514482269
-0.000128499990899
0.00269287946247
0.00453150171322
0.00454584386608
0.00662234631205
0.00651698069116
0.00747193481661
0.00742397517659
0.00557453519577
0.00773377559414
0.00599831202039
0.00747193481661
0.00706705067372
0.00569341046547
0.0101738899763
0.0106059153203
0.0233472923552
0.0280613350574
0.020722122654
0.0100905683105
0.0126367314847
0.0198417547953
0.0226925080125
0.0203316930031
0.0197079540552
0.0208083777385
0.022008196772
0.0182587590734
0.0048357796093
-0.000319118794379
-0.00145236029549
-0.00155152110765
0.00598077714687
0.0118016555122
0.0200013804099
0.0225276868012
0.0209786353739
0.0161845674209
0.0158243085361
0.0159628542434
0.0128455595237
0.0104558153055
0.00406908980925
0.00951705698146
0.0168698231342
0.017768308634
0.0122256795902
0.0224162940423
0.0203798292194
0.0172382689851
0.00914758578455
0.00608490941573
-0.00221706959002
0.00139901392554
0.002524900805
0.000289011619637
0.00263478311837
0.00194927068602
0.00444512984056
-9.68952073516e-05
-0.000356951505311
-0.00137348830339
0.000828279559192
0.0046902035016
0.00263844780458
0.00231217913027
-0.0140707936606
-0.0236934705796
0.00145299475743
0.00307210289161
0.00434069058708
0.00413546775527
0.00627486815002
0.00681649921314
0.00797608001446
0.00627486815002
0.00599831202039
0.00599831202039
0.0052605755903
0.00797608001446
0.00742397517659
0.00702011846766
0.00706705067372
0.00740112213407
0.00822958775252
0.00011491538065
0.0230626231222
0.0319039485733
0.0265215736774
0.0220448705941
0.0277867446236
0.0228361547117
0.0237596559437
0.0281144067135
0.0241718570285
0.0201834700021
0.0224578579719
0.0249177104559
0.0207608658437
0.0200240771294
0.0287416713252
0.0315487696709
0.0290030612763
0.0314106496709
0.0161634506056
0.00125157451999
0.00628837177905
0.0150611523575
0.0172150850079
0.0197230461963
0.0190171083133
0.0161871194913
0.0156597478994
0.0136872548567
0.0245433215493
0.0167901374424
0.00287223268334
0.000442263996393
-0.00101449680031
-0.000174355197012
1.75742095875e-05
-0.000602492773373
-0.000896615536698
-0.00240488844133
-0.000114695109618
0.00338161516574
-0.000676904742801
-0.00100236008037
0.000605412032373
0.00150257778107
0.00098269344773
0.00351503914776
-0.000128442196391
0.00335125546251
-0.00459483835227
-0.023095469426
0.00199241898758
0.00213336313901
0.00343776581223
0.00650956920557
0.0058510913254
0.0055036131634
0.00651698069116
0.00531609504796
0.00791663917834
0.00656652882822
0.00797608001446
0.0055036131634
0.00706705067372
0.00641060764883
0.00599831202039
0.0072142713687
0.0072142713687
0.00818208268259
-0.00295243285867
0.0260478395562
0.0339000313018
0.0348347035113
0.0362126148427
0.0355511453267
0.0326733725379
0.0322294562195
0.0297857706493
0.0311894002394
0.0314615656254
0.0294266124358
0.0270070173933
0.0320147470137
0.0406191500241
0.0308714210337
0.0142688217915
0.00451112383837
0.00835642763305
0.00905836061937
-0.00407134297689
0.00167467307846
0.00252551454489
0.00551671808269
0.00430633382896
-0.000293341282789
0.00072729620487
-0.000799673716144
-0.000695502460419
0.00363357627741
0.000724745224109
0.00305792671246
-0.00342642058732
0.00762527693473
-0.00103623119256
0.00275240393356
-0.00206704099084
0.00314759927457
-3.17933699321e-06
-0.000363735347157
0.000109836753896
0.00112592024371
0.00379989474389
0.000359071013223
0.00357320064721
-0.00374474474265
0.000304400956703
0.0052565644813
0.00108547319024
-0.0172010633838
0.0
0.00154143808232
0.00444816018243
0.00574034907426
0.0058510913254
0.00641060764883
0.00801356587972
0.00599831202039
0.00771463848955
0.00628504975846
0.00599831202039
0.00742397517659
0.00826208248504
0.00742397517659
0.00599831202039
0.00706705067372
0.00863993452491
0.0086606422718
0.00783156145443
0.0100380336
0.0185605443578
0.0376671896929
0.0388151074398
0.0397684015316
0.0384982238761
0.0370973935918
0.0311977780408
0.0328772775916
0.042046863005
0.0407610312607
0.0369570614762
0.0363039828623
0.0252634019471
0.00916358176736
0.00838553210367
0.0021844984208
8.90573902912e-05
0.000875397684726
-0.000703518961004
0.00137424513227
-0.00034238772773
-0.000856473927113
0.000352980440682
-0.00225735273041
-0.00166684004507
0.000760843750579
-0.00196126185398
0.00450029411706
-0.00280318137957
-0.002256274305
0.00105330575337
0.00111864404408
0.00430426353096
-0.00210098388173
-0.00304460684413
-0.00148399704275
-0.00183384402963
0.000569943884161
-0.00201786571808
-0.000645291847007
0.0056274009565
0.00101525311614
0.000878034784631
-0.000877818159727
0.0012237546175
0.00142156552414
0.00455568008893
-0.0190141999659
-0.000476813596644
0.00366372845002
0.00507516763162
0.0060513487924
0.00599831202039
0.00607024147416
0.0055036131634
0.00702011846766
0.00742397517659
0.00682475846192
0.00706705067372
0.00679477130541
0.00641060764883
0.00702011846766
0.00681649921314
0.00849368691908
0.00713307256148
0.00687245141437
0.00826208248504
0.00428395617916
0.0081242926916
0.00573010394767
0.0150217095073
0.0109309663292
0.0113995354469
0.0129381492421
0.0117492913437
0.013368658615
0.014038324735
0.0125374257272
0.0130448431408
0.00629491506566
0.0108787685935
0.0079700924253
0.00714900259924
0.00893324747228
0.0167620330536
0.00422814482103
0.000531456764461
0.00144601108361
0.00527490364409
-0.00527182143529
0.00210232132062
0.00124099811122
0.00177746877244
0.000446565709674
-0.00345283782139
0.000255212467515
-0.00155140764464
0.00276748891352
0.000553210098479
0.00313599649005
-0.000580007467215
0.000134294793075
-0.00135406990781
-2.20273147522e-05
0.00095733283123
-0.00046444961329
0.00101471107737
-0.000378353635113
0.00188011833344
-0.00036476841455
0.000643113864994
-0.00254196238737
-0.000558914900143
0.000993935405728
-0.00242564987333
-0.00781977395745
0.0
0.00145299475743
0.00534024256509
0.00452443011644
0.00557453519577
0.0058510913254
0.00742397517659
0.00706705067372
0.00681649921314
0.00742397517659
0.0052814825893
0.00742397517659
0.00641060764883
0.00742397517659
0.00599831202039
0.00641060764883
0.00704404332815
0.00805440079298
0.00588146520331
0.00872012322745
0.00755012531288
-0.000979144133362
0.00834760769833
0.00875115300059
0.00928181398694
0.00858583392732
0.00722316029521
0.0143540837959
0.015355933359
0.00822108131936
0.0112938332308
0.00638621977171
0.00876157243062
0.00822252611303
0.0107333871036
0.00760085706038
0.0123069723906
0.00107495503949
0.00125895579474
0.000307289354057
0.00173464618952
0.00344743605833
-0.00365097369903
-0.000340961078484
0.000532398054936
0.000834926358635
0.00324580458576
0.00254451146798
-0.000228691480459
0.00134525144345
-0.00028573599536
-0.00363619524796
0.00131541018892
0.00290374649203
-0.000648881904861
0.00256376466939
-0.00186960003533
-0.000470758781318
0.00164075098177
-0.00255872985192
2.49225715292e-05
0.00283611480451
0.000618138850229
-0.00192327936262
0.00110344895118
0.00338596574639
-0.000609331120989
-0.00611593662617
-4.15555758291e-05
0.000799019425619
0.00398483797515
0.00538545942666
0.00662234631205
0.00641060764883
0.0076752350555
0.00797608001446
0.00797608001446
0.00651698069116
0.00826411734029
0.00641060764883
0.00826411734029
0.00580577499644
0.00702011846766
0.00757119318833
0.0084561118438
0.00654736180454
0.00643153518595
0.0072142713687
0.00620090384095
0.00025809266835
0.00842276488673
0.0086767538753
0.00811965287865
0.00590145362227
0.00698365535768
0.00777028288303
0.00756063341989
0.00640551856961
0.00559843296317
0.00988814419881
0.00728737932327
0.00930463679861
0.00563958108732
0.0054972443527
0.00275646061355
0.00507321680553
0.00829250356562
0.00684239779468
0.000488927100654
-0.00346975020677
-0.00135838148224
-0.00015450727199
0.000375776808362
-0.00140781746564
0.00245177259429
-0.00317800706403
0.00147536373322
-0.00172035786895
-0.00112532381084
0.000244662911912
0.00321604977431
-0.00274463170354
-3.36814621672e-05
0.00153030874686
-0.00315149053006
0.0055868035059
-0.00110903237649
-0.00231209973015
-0.000205796103599
0.00310564359917
-0.00052683840241
0.00260519019568
0.00164313777534
-0.00541656887627
0.00355900039237
-0.00791549729916
0.000295276833733
0.000714998168497
0.00334698813376
0.00455242925027
0.00557453519577
0.00781737812329
0.00548330639577
0.00747193481661
0.00797608001446
0.00599831202039
0.00742397517659
0.00859604459551
0.00641060764883
0.00641060764883
0.00588146520331
0.00848452882288
0.00601262035707
0.00793223020451
0.00815705006698
0.00787194887826
0.0072142713687
0.00692093902197
0.00693258577903
0.00863993452491
0.00545902248669
0.00694744137021
0.00899713788599
0.00643153518595
0.00737297325987
0.00620090384095
0.00938890804695
0.0124621488568
0.00696275260623
0.00702986201038
0.00744251967182
0.00580487604558
0.00366302196528
0.00461639215454
-0.00012992568589
0.00304766862771
0.00411907933431
-0.00231136640107
-0.000471922096751
-0.00298672535567
0.00240608652023
0.00297260816171
0.00144894380571
-0.00422219491953
0.00146771007723
0.000850993696387
-0.00234935077264
0.00485229165579
0.000897259232316
0.00134429488515
-0.00244265545323
-0.000934265494809
-0.000475767173941
0.000856721370374
0.00317356037648
0.00257220071439
0.00066100919218
-0.00106925476474
-0.00333409039691
-0.000566775155636
-0.00421495614892
-0.00321411177331
-0.00457172341644
-0.00617099862787
-0.000686939952213
-0.000954836270043
0.000996209493791
0.0027712129804
0.00440301472791
0.0071400075614
0.0055036131634
0.00706705067372
0.00702011846766
0.00723032635724
0.00706705067372
0.00239173714999
0.0055036131634
0.00862099688995
0.00599831202039
0.00689542386289
0.0055036131634
0.00669062742984
0.00620090384095
0.00956189492476
0.004108681103
0.00924123093762
0.0071510210249
0.00863993452491
0.00885738302124
0.00895995962611
0.00429675732881
0.00748669529344
0.00880000187588
0.0082234377062
0.00340430946006
0.00683662428841
0.00955923718523
0.0118941272952
0.0140179161224
0.00513877628698
0.000884868029795
0.00788839804118
0.00129836401698
0.00521360734663
0.00323698823266
0.00457036954811
0.00209881169387
-0.00111014947871
-0.000188081887448
-0.00428780496242
0.00216801036444
0.00338603966577
-0.00172204770475
0.000922829881542
-0.00205929536129
-0.000273295323465
0.00432529453768
-0.00298458505482
0.000332548295615
0.00100760221314
-0.0030687961347
-0.000453734828105
0.00110490687168
-0.00165684365996
0.00345046045835
-0.00350650805308
-0.00271530761278
-0.00842841094718
-0.0052076278891
-0.00833556530487
-0.000290958047427
-0.00777019806828
0.000958086166416
0.000740644661507
-0.000484784179059
0.0029255456627
0.00669048763262
0.00569878075904
0.00651698069116
0.00588146520331
0.00742397517659
0.00641060764883
0.00745056092137
0.0078331857256
0.00627486815002
0.00758267706775
0.0055036131634
0.006447681809
0.00567807258635
0.00671957251176
0.00531931859518
0.00962685273059
0.00567793571842
0.00627341437044
0.00485818485916
0.00822685598846
0.00657258529589
0.00796052910773
-0.00132413854982
0.0116664388866
0.00948464977077
0.00995410741366
0.00862480103202
0.00717876601407
0.00271727530627
0.00668287797607
0.00570000843785
0.00825123617693
0.00173334638023
0.0120786693188
0.00631516914296
0.0034697587497
-0.00263453114519
0.00817175249348
-2.58750381925e-05
0.00511094740585
-0.00437828265066
-0.00221501673941
0.00473681173433
0.00103462347922
-0.00393549982012
-0.000520134647681
-0.000521275281384
0.00024238962523
0.000987320964836
-0.00210188204435
0.00045513785286
-0.00401253406371
-0.000933163567626
-0.000514939334169
-0.00195699476744
0.0013391928731
-0.00136108457819
-0.00158645808901
-0.00265297172531
-0.00500601795291
-0.00671333564903
-0.00695682730986
-0.00677404900853
-0.00945501470807
0.0
-0.000666200544619
0.000909400854117
0.00240621352587
0.00576198453443
0.00539287091224
0.00708215522226
0.00225069578825
0.00502956983229
0.00588146520331
0.00708215522226
0.00351039623872
0.00826208248504
0.00826208248504
0.00588146520331
0.00791663917834
0.00362316060575
0.00826208248504
0.00657129005063
0.00593787381896
0.00407893986691
0.00819116045265
0.00811229170252
0.00810028397241
0.00333344356224
0.00936457049582
0.00555151498318
0.0102594438988
0.00695860010894
0.00639497517469
0.0108886261985
0.00607294506077
0.010516174377
0.00570233384593
0.0125108214182
0.0129610138844
0.00621987787447
0.00899703861245
0.0053760128674
0.0108335142198
0.00229052373878
0.00743656225351
-0.000537891507608
0.00269924709947
-0.000880606090151
0.00670890119353
0.0021900101588
-7.12231979489e-05
-0.000118601278795
-0.000935051493878
-0.00281507681015
-0.00175611558697
-0.00149426655182
-0.00164557879765
0.00250124088649
2.83909876587e-05
-0.00395334056033
-0.000761070303484
0.0027562635585
-0.00194281534979
-6.53923375371e-05
-0.000987791438296
-0.00469207938636
-0.00126365814905
-0.00751689869341
-0.00476515008163
-0.00666775470994
-0.0033378007958
-0.00302507894863
-0.000504195197476
0.000996209493791
0.00339079567277
0.00329054511723
0.00573831421895
0.00721629348465
0.00775486953163
0.00384182696008
0.00702011846766
0.00599831202039
0.00706705067372
0.00641060764883
0.00583370256323
0.00826208248504
0.00657292015301
0.006413799289
0.00859604459551
0.00166268116144
0.00758267706775
0.0050337287387
0.00671957251176
0.00742455625225
0.0055403236009
0.00737297325987
0.00342231747854
0.00388127598521
0.0108240373542
0.00748568086247
0.00363904426879
0.00630639143994
0.00189564627441
0.0142547316278
0.000450407961468
0.00620090384095
0.0065024770445
0.00800010355255
0.00641110324085
0.0115380481794
0.00408305388183
-0.00199114266179
0.00422153429208
8.1446068214e-05
0.00370813024629
0.00168035950972
-0.00356607480995
-0.00326197837113
-0.000936406513931
0.00245431644246
-0.00524147633494
-0.00572212046245
0.00266180030944
-0.00172549009324
-0.00367184995711
-0.00209934489492
0.00350662257356
0.00348893249482
0.00087376455288
-0.00192506285678
0.00228177124148
-0.00355942474366
0.000705132195815
-0.00308104885046
-0.00890742572301
-0.00382529625071
-0.00391541365491
-0.00307878675783
-0.00657823660795
-0.00413031873528
-0.000238406798323
0.00120292924271
0.00232064050001
0.00475776384928
0.0045223548706
0.0060824775193
0.00611674733458
0.00632667777463
0.00859604459551
0.00706705067372
0.00868134707912
0.00859604459551
0.003884115653
0.00826208248504
0.0035192419461
0.00738381281242
0.00680289448473
0.000490185635333
0.00967447444944
0.0077377854729
0.0010291199271
0.0105583225345
0.00596822723981
0.00486096872181
0.0015381992353
0.00934243797397
0.00835494998635
0.00746431399693
0.00594734178125
0.0113907450423
0.0101971085308
0.004023610576
0.0066960405084
0.00497886324611
0.00977848729352
0.0070199766555
0.00774017682274
0.00348551902066
0.00328176917058
0.0105355858867
0.00461070019488
0.000372128511263
0.00549927705955
0.00309221744762
0.00448913082072
0.00459248308514
0.000355008179767
0.00255818734923
-0.000820818575002
-0.00466042841631
0.00413699919909
-0.00155994902963
-0.00063479885397
0.003951304913
0.000176610873133
-0.00302719643449
0.000336503603943
-0.0015606237827
0.00145973056386
-0.00378078591558
-0.00315993569061
-0.00618825535612
-0.0056107611838
-0.00655202530261
-0.0110837746193
-0.000429576275518
-0.00953966852289
-0.0015231942968
0.000442074981042
0.000218378465321
-0.000591743427394
0.0011720595388
0.00133204015233
0.0070842565511
0.00742968302902
0.00702011846766
0.00541369995921
0.0083460742106
0.00627341437044
0.00524688939345
0.00702011846766
0.00430720393222
0.00859604459551
0.00484188058925
-0.000197898635526
0.00716105707654
0.00301422627815
0.00619989373634
0.00475883612267
0.00792544563282
0.00160278405359
0.00819116045265
0.00986245329505
0.0116972889891
0.00274339612682
0.00787754033759
0.00891018336285
0.00486242227271
0.0102464471309
0.000407764981742
0.00746273987557
0.00887426201607
0.00974761483236
0.00715441217813
0.00619690589055
0.00637614657873
0.0080537747641
0.00268499513643
0.00389309202356
0.00877189645247
0.00711163492307
0.00779363357653
0.00348779307909
0.00372186080059
-0.00223279526213
0.00285659532241
-0.0015942771219
-0.00314294406755
0.00269499133038
-0.00240341319018
-0.00217133166373
0.0058858408473
-0.00266022819503
-0.000393159487317
-0.00252800422614
0.000477402492829
-0.00108937256992
-0.00535157438547
-0.00462862078681
-0.00657812072186
-0.00160322788654
-0.00565703495237
-0.00465871527236
-0.00175379389965
-0.00294707892973
-0.000238406798323
0.00165558657801
-0.000382627417129
0.00154143808232
0.00299225740624
0.00102156911238
0.00423000803683
0.00632487728602
0.00792065119625
0.00706705067372
0.00555589920955
0.00797608001446
-0.00177907394931
0.00832376522721
0.00547497523942
0.00472567938248
0.00641060764883
0.00649669851519
0.0100233272341
0.00369950647913
0.00625186080444
0.0075650838257
0.0072142713687
0.00457776297097
0.0127520241178
0.00759274440679
0.00785031358749
0.00603311715343
0.00835521833394
0.00535349496531
0.00416320407722
0.00378626886036
0.00805645982503
0.0179675495207
0.00740938338197
0.00507177892997
0.00973556225953
0.00837877532861
0.0131637386706
0.00340814687653
0.00792295262727
0.00129311659897
0.00959617492993
0.00555284225755
0.00872440415219
-0.00208176413357
-0.0032926637471
0.000587159488457
0.00189510103689
0.00626890797511
-0.000404703212653
0.00498917808622
-0.00240417387831
-0.000157457408038
-0.00101005642714
-0.0025352372705
-0.000362039583125
-0.0016685377429
-0.0035021659989
-0.00808405202222
-0.00441120181112
-0.00257165088843
-0.00595402786555
-0.00505912547606
-0.00612558431757
-0.00640203512593
-0.0114037335678
-0.00241571201659
0.00264312141436
-0.0005224725115
-0.00169180088207
0.000436756930641
-0.000754613875032
0.00261944340586
-0.000645750530267
0.00363969882167
0.00706705067372
0.00621682763045
0.00599831202039
0.00778306925224
0.00326428804692
0.00682475846192
0.0046341342827
0.00666209151432
0.00712018726613
0.00447817030567
0.00548255824608
0.0049606129676
0.002351628086
0.00577259821342
0.00590358822851
0.00959913858581
0.00658949591214
0.00218343754639
0.0106239229089
0.00578033120816
0.0033534594082
0.00899356214495
0.00935256884682
0.00353517838246
0.0116791904925
0.00289953509843
-0.000503768362787
0.00669719119506
0.00325864730585
0.0122693482749
0.00198793660061
0.00771659092216
0.00699733573316
0.0148302285653
0.0129527744995
0.00637050061484
0.0047705446468
0.0025435480042
0.00337802739089
0.00247927585431
0.00264238607471
-0.00217296407661
0.000776144503695
-0.0025614368154
-0.000330379207779
0.000216078964033
0.000988075824025
-0.00304470623976
0.00215016060026
0.00204504854902
-0.00459630145311
-0.00804755429605
-0.0065099625036
-0.00217210238216
-0.00447311142012
-0.00420064852752
-0.00715529449988
-0.00759007181275
-0.00765936741027
-0.00704124260239
