121.133333333
248.8
249.4
247.733333333
246.866666667
247.533333333
247.866666667
249.466666667
250.066666667
247.533333333
247.4
249.466666667
247.733333333
247.533333333
246.0
249.2
248.333333333
247.666666667
248.066666667
244.4
248.6
248.0
249.133333333
247.666666667
249.4
241.6
248.866666667
248.466666667
247.733333333
248.066666667
249.0
248.066666667
248.6
248.666666667
248.533333333
248.933333333
248.6
248.0
247.866666667
247.2
249.2
248.333333333
248.133333333
248.4
248.866666667
247.866666667
247.2
247.666666667
247.6
249.133333333
248.933333333
247.666666667
248.466666667
244.933333333
248.466666667
247.933333333
247.333333333
247.666666667
248.333333333
248.066666667
247.2
247.533333333
248.066666667
248.6
246.333333333
247.733333333
247.6
247.866666667
126.0
248.866666667
248.066666667
248.733333333
236.6
248.466666667
245.8
241.333333333
248.4
248.066666667
248.866666667
247.2
247.8
248.533333333
246.2
248.066666667
248.666666667
248.466666667
249.333333333
248.0
248.533333333
248.8
248.0
248.666666667
246.066666667
248.266666667
248.266666667
248.4
249.2
248.4
247.933333333
248.8
247.933333333
248.4
249.066666667
248.133333333
247.533333333
247.866666667
248.933333333
247.133333333
248.8
249.866666667
246.2
247.933333333
247.466666667
247.8
248.333333333
248.8
248.0
248.4
247.8
248.6
248.066666667
248.333333333
248.666666667
248.533333333
248.133333333
248.133333333
249.066666667
248.666666667
248.266666667
247.933333333
248.533333333
248.866666667
248.2
248.333333333
248.133333333
248.333333333
126.8
249.266666667
248.666666667
248.733333333
249.4
248.266666667
246.933333333
248.266666667
248.866666667
248.866666667
247.6
246.733333333
247.8
248.333333333
247.133333333
247.733333333
249.266666667
248.533333333
247.066666667
247.533333333
248.333333333
248.0
248.333333333
248.0
248.133333333
248.733333333
248.466666667
247.866666667
249.4
247.8
245.6
247.6
248.066666667
248.133333333
248.066666667
247.666666667
249.666666667
248.266666667
249.333333333
248.6
249.8
249.466666667
247.533333333
248.133333333
248.533333333
248.533333333
248.066666667
247.933333333
247.8
248.066666667
247.666666667
247.8
247.866666667
248.333333333
247.666666667
248.066666667
248.533333333
248.466666667
248.8
246.866666667
247.733333333
248.933333333
248.466666667
248.133333333
248.266666667
248.066666667
247.533333333
248.133333333
122.866666667
249.333333333
248.266666667
247.266666667
248.4
247.666666667
248.8
248.933333333
247.133333333
246.866666667
248.2
248.133333333
248.733333333
248.333333333
248.666666667
249.6
247.733333333
247.933333333
248.333333333
248.133333333
248.266666667
248.8
248.066666667
248.6
249.133333333
248.333333333
250.066666667
249.2
248.666666667
247.733333333
249.066666667
249.0
249.8
249.533333333
249.466666667
249.4
247.8
246.533333333
248.2
247.733333333
248.133333333
248.8
249.4
248.866666667
248.266666667
248.466666667
248.866666667
249.466666667
248.866666667
248.6
249.333333333
248.666666667
248.066666667
248.0
248.6
248.2
248.533333333
248.066666667
247.733333333
248.333333333
248.333333333
248.133333333
247.933333333
248.466666667
248.066666667
248.4
247.933333333
248.0
126.8
248.866666667
248.466666667
248.933333333
246.733333333
248.066666667
247.8
247.333333333
248.066666667
247.666666667
247.466666667
247.666666667
246.533333333
247.8
248.533333333
247.2
248.466666667
248.466666667
250.2
249.4
249.8
249.733333333
248.533333333
249.066666667
248.666666667
248.733333333
248.466666667
249.066666667
247.933333333
248.666666667
248.666666667
249.066666667
247.0
248.733333333
248.2
249.0
249.0
249.2
249.466666667
249.333333333
249.8
247.666666667
249.266666667
248.266666667
248.066666667
249.0
249.0
247.933333333
248.666666667
247.733333333
248.8
248.666666667
248.533333333
248.466666667
248.666666667
249.2
249.066666667
248.266666667
248.133333333
249.0
249.4
249.0
249.466666667
248.8
248.333333333
248.066666667
248.933333333
247.866666667
123.533333333
249.333333333
248.133333333
246.933333333
248.133333333
247.733333333
247.133333333
247.4
249.466666667
243.6
248.4
248.6
248.6
248.6
248.133333333
247.933333333
249.466666667
249.533333333
249.0
249.333333333
247.866666667
248.2
248.4
249.066666667
248.733333333
249.133333333
248.0
249.866666667
247.866666667
248.933333333
248.133333333
249.0
249.8
248.133333333
249.533333333
248.533333333
247.733333333
247.733333333
249.466666667
248.8
249.0
249.2
247.866666667
248.266666667
249.266666667
249.266666667
249.533333333
247.866666667
248.133333333
248.533333333
249.6
249.266666667
248.4
248.466666667
248.266666667
248.066666667
247.666666667
248.933333333
248.866666667
248.533333333
248.333333333
247.666666667
248.133333333
247.6
248.066666667
248.0
248.333333333
248.666666667
126.6
249.666666667
249.333333333
247.2
249.466666667
248.933333333
248.666666667
248.733333333
248.466666667
247.866666667
248.266666667
247.4
248.666666667
248.2
248.466666667
249.0
248.4
248.666666667
248.733333333
248.066666667
248.133333333
248.4
248.533333333
247.866666667
248.533333333
248.8
248.866666667
249.0
248.533333333
249.133333333
249.133333333
248.533333333
247.933333333
248.2
248.4
248.066666667
250.0
249.333333333
249.666666667
249.066666667
248.933333333
249.333333333
248.933333333
248.333333333
248.533333333
248.4
249.466666667
249.266666667
248.2
248.533333333
248.333333333
248.066666667
248.066666667
249.4
247.866666667
249.333333333
248.933333333
248.0
247.866666667
247.666666667
248.666666667
249.066666667
248.666666667
248.2
248.933333333
248.733333333
248.666666667
248.2
126.866666667
248.866666667
248.666666667
248.8
248.466666667
247.066666667
247.533333333
248.533333333
247.733333333
248.866666667
249.266666667
249.533333333
248.2
248.866666667
248.0
248.733333333
248.866666667
249.133333333
249.466666667
248.066666667
249.333333333
249.466666667
248.733333333
248.8
248.4
248.333333333
249.0
248.066666667
249.2
249.733333333
249.866666667
249.4
248.066666667
248.533333333
249.2
248.6
248.733333333
248.8
248.6
247.933333333
248.533333333
248.133333333
247.733333333
248.266666667
248.333333333
248.666666667
249.2
247.8
248.8
249.4
249.4
248.6
248.4
249.066666667
249.333333333
248.6
249.0
248.666666667
249.0
249.666666667
248.666666667
248.4
247.733333333
249.133333333
248.6
248.2
248.2
248.266666667
123.666666667
249.0
249.266666667
249.133333333
248.266666667
248.533333333
246.4
249.333333333
248.733333333
249.533333333
247.733333333
248.4
248.933333333
248.066666667
247.933333333
249.266666667
248.8
248.133333333
249.466666667
247.0
249.333333333
248.133333333
249.666666667
248.733333333
250.666666667
249.666666667
249.6
248.866666667
249.133333333
248.066666667
249.066666667
249.0
248.133333333
248.666666667
248.6
248.333333333
248.533333333
248.333333333
249.0
249.333333333
249.6
249.8
248.6
249.533333333
249.8
249.8
248.466666667
248.6
248.133333333
248.6
249.333333333
249.133333333
249.133333333
248.666666667
247.933333333
248.733333333
249.2
249.0
248.6
248.933333333
248.933333333
248.6
249.066666667
249.0
248.866666667
249.066666667
249.2
248.733333333
119.6
249.6
249.133333333
248.4
248.066666667
248.733333333
249.8
249.0
248.933333333
247.466666667
248.133333333
248.8
248.6
249.0
250.133333333
249.133333333
248.2
249.2
248.666666667
249.6
248.933333333
249.133333333
249.4
249.8
249.533333333
249.533333333
249.6
248.133333333
249.2
248.8
248.933333333
251.133333333
249.4
248.2
248.533333333
249.2
248.8
249.533333333
248.933333333
248.533333333
248.133333333
248.733333333
249.333333333
249.466666667
248.0
248.666666667
248.733333333
248.933333333
249.933333333
248.666666667
248.333333333
248.133333333
248.066666667
249.533333333
248.533333333
248.866666667
248.4
248.066666667
248.0
248.866666667
248.466666667
248.666666667
249.133333333
248.466666667
248.266666667
248.533333333
249.333333333
248.6
126.666666667
249.466666667
249.4
248.733333333
248.2
249.4
249.533333333
248.866666667
247.533333333
247.866666667
249.333333333
249.0
248.133333333
249.0
249.933333333
248.6
248.733333333
249.666666667
249.066666667
249.0
249.266666667
249.066666667
249.066666667
248.6
248.4
248.666666667
249.266666667
249.666666667
249.8
249.533333333
249.4
248.866666667
248.0
249.0
250.4
249.866666667
248.733333333
249.6
248.933333333
249.866666667
250.266666667
249.6
249.0
249.533333333
249.333333333
249.733333333
249.066666667
249.533333333
249.133333333
249.2
248.466666667
248.8
249.466666667
248.4
248.066666667
248.933333333
248.6
249.133333333
248.6
248.466666667
248.933333333
249.533333333
248.466666667
248.4
248.466666667
248.733333333
248.466666667
248.466666667
128.133333333
250.533333333
249.466666667
248.533333333
249.066666667
248.866666667
247.6
248.4
249.2
249.6
249.133333333
248.8
249.666666667
249.533333333
249.0
249.466666667
250.266666667
249.0
248.8
248.933333333
249.2
248.666666667
248.0
249.2
249.066666667
249.0
248.266666667
249.266666667
248.866666667
249.8
248.533333333
247.933333333
249.2
248.533333333
249.333333333
249.066666667
248.866666667
250.466666667
249.466666667
249.2
249.866666667
248.4
249.0
248.733333333
249.333333333
248.866666667
248.6
248.8
249.2
249.533333333
249.0
248.8
249.6
249.266666667
248.6
248.866666667
249.333333333
249.666666667
248.4
250.066666667
248.666666667
248.666666667
247.733333333
250.133333333
249.4
248.733333333
249.333333333
249.0
125.933333333
250.666666667
249.0
248.6
247.533333333
248.8
249.266666667
250.066666667
249.733333333
248.466666667
247.8
249.466666667
248.666666667
249.0
248.866666667
249.266666667
249.533333333
248.733333333
249.0
248.933333333
249.0
249.4
249.6
249.533333333
249.6
248.266666667
250.0
248.8
249.133333333
247.8
247.533333333
249.6
248.933333333
249.466666667
249.0
249.066666667
249.4
248.866666667
248.333333333
248.866666667
248.733333333
248.8
249.266666667
249.066666667
248.866666667
248.466666667
248.933333333
249.333333333
250.6
249.6
249.866666667
249.2
249.8
249.266666667
249.0
249.866666667
248.2
249.4
250.266666667
249.666666667
248.466666667
249.0
249.2
249.733333333
249.866666667
248.8
248.266666667
247.466666667
128.4
251.733333333
249.4
249.6
249.133333333
248.8
248.0
249.0
248.533333333
248.533333333
248.866666667
249.666666667
248.933333333
250.2
248.933333333
248.6
248.666666667
248.666666667
248.266666667
249.466666667
249.466666667
249.4
249.866666667
249.066666667
249.0
249.733333333
249.266666667
248.666666667
249.133333333
248.666666667
249.8
248.133333333
248.266666667
248.866666667
248.933333333
249.066666667
249.333333333
248.333333333
248.666666667
248.866666667
248.933333333
248.933333333
250.066666667
250.2
249.666666667
249.933333333
250.2
249.666666667
248.8
249.6
248.733333333
249.0
248.666666667
249.2
248.933333333
249.533333333
248.8
250.2
249.2
248.6
248.666666667
249.066666667
249.6
249.8
248.333333333
248.666666667
248.933333333
249.266666667
128.466666667
252.2
250.466666667
249.933333333
246.4
248.933333333
250.333333333
248.333333333
248.333333333
249.333333333
250.2
249.4
249.466666667
248.466666667
250.133333333
250.866666667
249.866666667
248.933333333
250.666666667
249.733333333
249.733333333
249.333333333
248.133333333
248.533333333
248.466666667
248.533333333
248.533333333
248.066666667
248.4
249.133333333
249.066666667
248.8
249.666666667
248.533333333
248.733333333
248.733333333
248.533333333
249.133333333
249.266666667
249.733333333
248.933333333
249.4
248.533333333
248.466666667
249.133333333
249.133333333
249.133333333
249.733333333
249.733333333
250.0
249.533333333
249.866666667
250.2
249.733333333
249.066666667
250.066666667
250.466666667
249.466666667
248.666666667
249.8
249.066666667
249.4
248.733333333
249.0
248.933333333
248.733333333
248.933333333
248.933333333
129.533333333
253.466666667
250.933333333
249.266666667
249.933333333
250.066666667
248.733333333
248.333333333
250.066666667
249.533333333
249.466666667
248.466666667
249.2
250.4
248.666666667
249.333333333
248.6
249.2
248.4
248.0
248.533333333
248.6
248.266666667
249.4
248.133333333
248.466666667
248.8
248.466666667
248.666666667
248.933333333
249.933333333
249.466666667
248.533333333
249.0
249.733333333
249.333333333
249.8
249.4
248.666666667
248.4
249.2
249.733333333
249.733333333
248.533333333
248.866666667
249.2
249.133333333
248.8
249.133333333
249.866666667
248.733333333
249.8
248.533333333
249.066666667
249.666666667
249.066666667
248.866666667
249.466666667
249.733333333
249.4
249.0
249.266666667
249.733333333
250.066666667
248.933333333
249.0
249.066666667
248.733333333
129.533333333
254.2
252.066666667
249.266666667
249.733333333
248.466666667
249.666666667
250.333333333
249.133333333
249.266666667
249.533333333
249.133333333
250.733333333
248.933333333
249.333333333
248.266666667
250.133333333
248.066666667
248.933333333
249.066666667
250.2
248.8
249.333333333
249.333333333
249.533333333
249.066666667
248.933333333
249.533333333
250.0
249.333333333
249.266666667
248.2
249.733333333
249.466666667
247.933333333
247.933333333
248.8
248.333333333
248.333333333
249.533333333
248.533333333
249.933333333
248.333333333
248.933333333
250.133333333
250.8
249.133333333
250.0
250.133333333
248.933333333
249.133333333
250.066666667
249.133333333
250.0
249.533333333
250.066666667
249.266666667
249.2
248.933333333
249.6
249.133333333
249.333333333
249.466666667
248.4
248.8
248.8
249.333333333
248.533333333
130.0
254.8
252.466666667
251.0
249.133333333
250.2
249.266666667
248.133333333
249.133333333
249.333333333
249.733333333
250.0
249.4
247.666666667
248.533333333
248.4
248.066666667
248.533333333
250.133333333
248.6
247.6
247.933333333
247.933333333
249.733333333
249.2
249.2
249.133333333
249.266666667
248.4
248.333333333
248.8
248.8
249.133333333
248.333333333
248.466666667
249.733333333
249.2
249.066666667
249.8
249.133333333
249.266666667
248.933333333
248.933333333
248.4
248.733333333
248.933333333
249.8
250.066666667
249.066666667
249.266666667
250.4
249.533333333
250.133333333
249.6
249.133333333
249.6
249.733333333
250.0
249.866666667
249.4
249.733333333
249.866666667
250.333333333
249.466666667
249.733333333
249.666666667
248.866666667
248.666666667
130.0
255.0
253.466666667
250.266666667
250.066666667
248.4
250.0
248.733333333
249.0
249.866666667
248.8
250.2
248.733333333
249.066666667
249.6
249.2
249.4
249.066666667
249.4
249.8
248.866666667
249.533333333
250.666666667
249.0
248.266666667
248.4
249.0
248.266666667
247.666666667
248.8
249.4
250.0
248.333333333
248.066666667
249.666666667
247.666666667
248.466666667
250.066666667
249.066666667
248.266666667
250.333333333
249.466666667
248.266666667
249.666666667
248.666666667
250.2
249.533333333
249.133333333
248.8
249.333333333
250.0
248.2
249.066666667
248.933333333
250.0
249.666666667
249.133333333
249.2
249.666666667
249.6
250.0
248.6
248.266666667
249.066666667
249.133333333
248.666666667
248.6
249.4
130.0
255.0
253.8
250.733333333
249.8
250.133333333
249.266666667
249.866666667
250.466666667
250.333333333
249.533333333
248.733333333
249.8
248.6
249.733333333
249.666666667
248.8
249.466666667
248.933333333
248.8
248.333333333
249.266666667
248.466666667
248.6
248.666666667
249.266666667
249.4
248.533333333
248.8
249.066666667
248.333333333
247.4
248.733333333
248.466666667
249.266666667
248.866666667
249.6
250.2
248.533333333
249.6
248.466666667
248.666666667
248.8
249.8
249.266666667
249.8
249.933333333
250.6
249.266666667
249.2
248.6
250.333333333
249.666666667
249.333333333
249.733333333
249.266666667
249.733333333
250.733333333
250.0
249.133333333
249.6
249.6
249.733333333
249.6
248.666666667
249.0
248.866666667
249.0
130.0
255.0
254.866666667
252.466666667
250.733333333
250.133333333
250.266666667
250.0
251.466666667
250.2
249.533333333
250.466666667
248.4
249.866666667
248.266666667
250.0
248.266666667
249.266666667
248.733333333
248.666666667
248.333333333
249.333333333
249.066666667
248.8
248.466666667
248.266666667
249.8
248.266666667
247.8
248.933333333
250.066666667
249.666666667
249.2
250.133333333
249.2
249.066666667
249.666666667
248.6
248.6
249.6
248.266666667
248.333333333
249.333333333
248.533333333
248.133333333
249.933333333
249.666666667
248.666666667
248.466666667
250.133333333
249.666666667
248.933333333
249.733333333
250.466666667
249.666666667
250.066666667
250.466666667
248.933333333
249.0
249.333333333
249.8
249.133333333
249.6
248.6
249.733333333
249.533333333
249.4
248.933333333
130.0
255.0
255.0
253.733333333
251.0
248.933333333
250.333333333
249.8
247.666666667
248.733333333
249.933333333
248.733333333
248.733333333
249.466666667
249.2
250.266666667
248.4
249.6
248.133333333
248.8
248.0
249.133333333
247.733333333
248.733333333
249.333333333
249.933333333
249.466666667
249.133333333
249.466666667
249.066666667
249.933333333
249.466666667
249.2
248.933333333
249.0
248.8
248.4
248.466666667
248.266666667
248.666666667
248.533333333
250.0
249.8
248.533333333
250.266666667
249.4
248.533333333
249.4
248.733333333
248.733333333
248.8
248.666666667
249.666666667
249.933333333
249.666666667
249.0
249.266666667
249.8
248.866666667
249.466666667
249.266666667
249.933333333
249.0
249.866666667
250.333333333
248.8
248.666666667
247.733333333
129.8
255.0
255.0
254.266666667
251.8
250.6
249.8
249.6
250.0
250.266666667
251.066666667
248.2
249.4
248.933333333
250.466666667
249.133333333
248.533333333
249.466666667
249.6
250.6
249.666666667
248.6
250.466666667
249.933333333
248.933333333
249.4
248.333333333
248.466666667
248.4
248.933333333
249.133333333
249.866666667
249.0
247.933333333
249.2
248.466666667
250.466666667
251.133333333
249.2
249.4
249.8
248.733333333
248.2
248.933333333
249.733333333
249.266666667
249.466666667
250.066666667
249.6
250.533333333
249.533333333
250.266666667
250.133333333
249.666666667
250.0
250.133333333
251.266666667
250.2
250.466666667
249.866666667
250.333333333
249.533333333
249.533333333
250.133333333
248.933333333
249.533333333
249.133333333
241.133333333
129.866666667
255.0
255.0
255.0
252.933333333
251.066666667
250.133333333
250.0
250.266666667
250.133333333
249.666666667
249.333333333
251.733333333
249.333333333
249.266666667
248.4
247.866666667
249.133333333
249.466666667
248.066666667
247.8
248.066666667
250.466666667
249.333333333
248.866666667
250.2
250.066666667
249.333333333
247.4
248.533333333
248.0
249.133333333
248.866666667
249.133333333
248.6
248.533333333
248.266666667
248.866666667
248.133333333
249.6
249.666666667
248.666666667
249.266666667
249.466666667
248.666666667
249.066666667
249.533333333
248.733333333
248.933333333
249.866666667
249.666666667
250.133333333
250.066666667
249.933333333
251.266666667
249.733333333
249.733333333
248.733333333
247.666666667
249.133333333
249.0
249.0
249.066666667
249.4
248.733333333
250.0
249.333333333
229.2
128.0
255.0
255.0
255.0
254.0
251.266666667
249.733333333
248.6
249.066666667
248.533333333
248.466666667
249.4
249.2
248.933333333
250.133333333
249.2
249.4
244.666666667
236.666666667
235.066666667
235.866666667
234.866666667
236.0
235.533333333
235.0
235.0
234.266666667
234.466666667
236.133333333
233.8
233.6
235.866666667
237.266666667
238.133333333
236.133333333
238.133333333
244.8
245.133333333
247.2
248.266666667
249.066666667
249.066666667
249.0
250.6
248.733333333
248.666666667
249.8
248.0
249.0
247.066666667
249.4
248.4
247.666666667
247.6
250.333333333
249.333333333
248.466666667
248.8
250.0
250.4
250.0
249.866666667
249.6
249.266666667
249.066666667
249.066666667
245.333333333
214.333333333
130.0
255.0
255.0
255.0
254.733333333
252.266666667
250.466666667
248.933333333
250.333333333
249.533333333
248.4
249.0
248.066666667
248.666666667
247.266666667
249.266666667
239.733333333
234.4
235.0
234.866666667
225.066666667
215.266666667
215.933333333
220.533333333
222.333333333
215.733333333
219.666666667
214.533333333
209.866666667
204.266666667
207.066666667
223.666666667
223.866666667
225.533333333
229.066666667
226.933333333
231.2
234.866666667
236.4
237.933333333
241.4
250.133333333
249.4
248.6
249.733333333
250.333333333
249.2
250.8
249.8
249.933333333
249.4
250.066666667
250.933333333
250.466666667
249.733333333
249.4
250.0
249.466666667
247.4
249.666666667
249.2
248.733333333
249.2
249.2
249.533333333
249.866666667
232.133333333
199.466666667
130.0
255.0
255.0
255.0
255.0
252.133333333
251.0
250.066666667
248.333333333
248.933333333
249.733333333
249.933333333
249.4
249.2
245.666666667
237.4
235.666666667
232.666666667
203.8
196.066666667
194.066666667
194.466666667
192.733333333
193.0
191.6
188.933333333
188.866666667
188.6
186.466666667
188.466666667
189.6
190.933333333
188.733333333
191.266666667
190.2
189.333333333
193.866666667
200.333333333
197.866666667
206.133333333
232.666666667
240.4
240.933333333
244.933333333
247.666666667
249.266666667
249.666666667
244.666666667
248.6
249.4
246.6
250.733333333
248.666666667
249.133333333
243.933333333
248.266666667
250.2
249.666666667
249.933333333
249.733333333
250.0
249.533333333
250.333333333
249.333333333
248.733333333
249.266666667
222.4
188.4
130.0
255.0
255.0
255.0
255.0
254.8
252.266666667
251.466666667
249.733333333
251.533333333
251.4
250.0
250.733333333
240.866666667
237.066666667
236.133333333
215.133333333
195.0
188.533333333
189.0
187.666666667
190.133333333
191.2
188.8
186.466666667
188.266666667
186.466666667
184.2
180.133333333
184.333333333
185.6
185.866666667
184.666666667
185.666666667
185.0
187.066666667
186.8
186.733333333
190.866666667
195.4
204.866666667
213.866666667
221.733333333
229.733333333
239.2
242.466666667
249.8
249.6
248.8
249.8
249.4
244.066666667
248.666666667
249.933333333
250.4
249.6
249.133333333
247.666666667
249.933333333
250.666666667
249.133333333
249.533333333
249.466666667
249.4
249.533333333
243.733333333
208.133333333
175.866666667
130.0
255.0
255.0
255.0
255.0
255.0
254.466666667
251.666666667
250.8
249.533333333
249.666666667
249.133333333
241.933333333
236.866666667
226.066666667
192.733333333
176.266666667
165.533333333
160.733333333
161.0
153.933333333
156.666666667
158.866666667
163.8
159.2
148.2
137.8
142.333333333
150.4
138.533333333
140.533333333
161.466666667
178.2
183.733333333
185.066666667
185.4
186.0
187.0
189.866666667
191.533333333
196.333333333
203.466666667
208.933333333
212.333333333
216.866666667
220.6
240.133333333
247.8
248.133333333
249.866666667
249.933333333
248.933333333
250.2
249.533333333
249.6
244.0
249.333333333
249.133333333
250.333333333
248.8
248.333333333
249.466666667
249.2
249.333333333
250.466666667
229.866666667
195.466666667
161.533333333
130.0
255.0
255.0
255.0
255.0
255.0
255.0
253.733333333
252.066666667
248.933333333
249.133333333
247.333333333
234.8
211.066666667
176.2
165.8
156.666666667
145.4
134.133333333
129.933333333
131.466666667
128.733333333
126.533333333
125.8
116.133333333
113.066666667
104.466666667
109.066666667
107.066666667
104.266666667
112.066666667
118.066666667
127.6
139.133333333
159.133333333
172.066666667
179.8
182.866666667
183.2
186.266666667
192.266666667
197.533333333
195.8
203.266666667
211.6
216.933333333
215.6
225.466666667
248.2
249.466666667
249.333333333
249.733333333
249.333333333
248.466666667
250.066666667
250.133333333
250.133333333
250.866666667
249.2
249.6
249.8
248.733333333
249.533333333
249.4
248.666666667
219.733333333
178.8
151.4
130.0
255.0
255.0
255.0
255.0
255.0
255.0
255.0
251.6
250.133333333
250.4
248.866666667
222.666666667
170.933333333
158.133333333
143.666666667
129.666666667
120.2
115.066666667
113.6
113.466666667
112.266666667
108.533333333
103.733333333
100.6
98.6666666667
96.8
97.5333333333
97.2666666667
98.8
102.6
105.6
116.0
126.266666667
138.666666667
155.266666667
171.4
182.066666667
184.533333333
186.0
187.733333333
190.0
207.066666667
208.666666667
206.466666667
211.266666667
211.533333333
214.333333333
230.133333333
239.733333333
248.666666667
249.866666667
249.2
249.133333333
247.066666667
250.4
250.4
249.466666667
248.333333333
249.266666667
249.6
250.066666667
249.066666667
248.8
234.066666667
203.133333333
162.866666667
147.4
129.8
255.0
255.0
255.0
255.0
255.0
255.0
255.0
254.533333333
251.466666667
248.2
244.4
192.066666667
163.133333333
138.133333333
126.466666667
121.533333333
112.4
109.333333333
106.666666667
103.133333333
100.533333333
101.266666667
99.4
98.1333333333
91.4666666667
82.6
82.1333333333
80.8
85.0
88.6666666667
101.533333333
109.066666667
119.133333333
128.6
139.933333333
168.8
191.133333333
202.2
205.333333333
205.266666667
210.266666667
211.333333333
207.866666667
208.733333333
212.933333333
212.333333333
210.866666667
203.2
218.466666667
233.133333333
243.333333333
248.066666667
249.333333333
249.733333333
250.0
251.866666667
253.0
250.533333333
249.333333333
248.8
249.133333333
248.866666667
244.933333333
212.866666667
179.666666667
150.6
141.866666667
130.0
255.0
255.0
255.0
255.0
255.0
255.0
255.0
255.0
251.266666667
248.866666667
242.333333333
181.6
138.2
128.266666667
123.533333333
115.933333333
110.8
108.8
97.8
91.0666666667
93.4666666667
88.7333333333
88.2666666667
86.7333333333
78.2
69.3333333333
72.0666666667
75.8666666667
75.8
79.5333333333
87.2
96.5333333333
107.133333333
127.8
143.933333333
147.533333333
155.8
162.933333333
166.333333333
165.066666667
172.333333333
176.266666667
177.066666667
178.533333333
191.866666667
206.2
208.4
211.866666667
207.8
213.0
220.533333333
226.4
234.0
248.0
251.933333333
254.933333333
254.933333333
249.6
249.866666667
247.6
245.266666667
242.4
216.533333333
191.866666667
187.266666667
168.933333333
163.466666667
130.0
255.0
255.0
255.0
255.0
255.0
255.0
255.0
255.0
253.466666667
247.866666667
222.666666667
164.266666667
132.733333333
128.6
121.866666667
111.466666667
109.066666667
97.2
80.2
76.8666666667
74.1333333333
73.8666666667
75.8
62.5333333333
52.9333333333
48.6666666667
46.1333333333
45.0
47.2
48.3333333333
64.5333333333
82.4666666667
97.6
109.533333333
124.933333333
126.2
126.0
132.266666667
135.333333333
146.8
148.133333333
159.666666667
175.266666667
170.266666667
170.866666667
182.6
177.933333333
177.8
180.4
190.866666667
212.333333333
211.733333333
216.866666667
219.933333333
230.533333333
230.333333333
250.466666667
248.333333333
247.866666667
249.066666667
245.4
215.133333333
214.8
213.733333333
203.0
188.866666667
184.533333333
130.0
255.0
255.0
255.0
255.0
255.0
255.0
255.0
255.0
248.8
232.2
186.266666667
157.4
131.133333333
124.266666667
113.8
93.8
90.9333333333
76.9333333333
77.1333333333
70.6666666667
67.2
57.7333333333
53.6666666667
48.2
45.5333333333
46.0666666667
46.0
41.0666666667
39.2
43.0
46.1333333333
61.9333333333
74.8666666667
102.733333333
112.666666667
106.8
110.333333333
118.6
128.0
136.133333333
142.333333333
139.533333333
139.0
140.733333333
148.733333333
165.666666667
156.266666667
145.266666667
162.933333333
181.133333333
194.066666667
213.4
208.133333333
213.333333333
213.0
212.4
226.0
228.933333333
234.066666667
219.466666667
211.4
175.733333333
173.133333333
198.4
203.266666667
196.2
193.4
131.866666667
255.0
255.0
255.0
255.0
255.0
255.0
255.0
246.933333333
241.666666667
198.8
167.266666667
156.266666667
128.733333333
114.733333333
96.3333333333
79.8666666667
74.0666666667
55.8
48.9333333333
50.0
52.9333333333
51.0666666667
47.5333333333
49.2
55.9333333333
60.9333333333
58.3333333333
52.0
56.2666666667
63.5333333333
65.4
76.5333333333
84.6
95.7333333333
96.6666666667
108.066666667
110.466666667
122.2
135.0
139.866666667
142.266666667
142.666666667
142.2
140.066666667
135.533333333
136.866666667
127.8
142.066666667
165.266666667
172.933333333
186.066666667
200.866666667
201.733333333
193.4
205.333333333
203.2
207.533333333
207.066666667
207.133333333
211.533333333
208.8
164.733333333
172.466666667
191.666666667
173.733333333
181.266666667
186.266666667
255.0
255.0
255.0
255.0
255.0
255.0
255.0
249.866666667
242.866666667
208.8
181.0
159.133333333
139.666666667
111.0
96.6666666667
72.7333333333
54.8666666667
46.0666666667
42.4666666667
44.3333333333
49.0
52.3333333333
53.3333333333
55.8
66.1333333333
77.8666666667
80.9333333333
76.2
77.4666666667
84.2
95.7333333333
98.1333333333
102.666666667
101.466666667
94.4
105.866666667
109.133333333
113.066666667
124.533333333
129.333333333
135.266666667
138.533333333
146.0
147.333333333
145.4
142.4
137.066666667
130.333333333
141.533333333
158.066666667
170.4
166.666666667
172.2
169.0
177.0
186.933333333
197.733333333
193.866666667
197.333333333
189.866666667
186.933333333
192.266666667
174.066666667
181.933333333
186.133333333
182.2
179.533333333
164.866666667
255.0
255.0
255.0
255.0
255.0
255.0
254.533333333
244.666666667
230.466666667
186.466666667
156.4
138.8
109.733333333
92.6
69.9333333333
49.2666666667
42.0666666667
34.7333333333
39.8
47.5333333333
59.0666666667
64.1333333333
68.3333333333
80.8666666667
96.5333333333
109.866666667
116.666666667
109.933333333
113.266666667
113.266666667
113.6
115.466666667
111.0
103.666666667
95.6666666667
108.666666667
108.533333333
114.733333333
124.6
133.066666667
134.733333333
148.466666667
155.533333333
153.4
147.4
144.266666667
138.0
125.466666667
141.6
147.866666667
151.333333333
157.266666667
162.4
161.133333333
164.066666667
182.066666667
179.733333333
187.066666667
185.866666667
178.666666667
174.0
170.066666667
172.6
170.266666667
175.266666667
180.333333333
183.333333333
180.4
255.0
255.0
255.0
255.0
255.0
255.0
253.133333333
243.266666667
214.733333333
153.4
135.8
111.0
94.2666666667
67.2
57.4666666667
44.8666666667
39.1333333333
41.4
49.2
60.8666666667
75.2
80.2666666667
94.9333333333
112.933333333
122.733333333
132.0
139.133333333
129.333333333
126.8
123.933333333
119.666666667
114.733333333
106.066666667
106.066666667
97.5333333333
108.266666667
112.466666667
117.133333333
130.133333333
135.133333333
141.266666667
147.4
153.666666667
154.6
149.733333333
145.4
135.266666667
133.6
140.266666667
141.933333333
146.0
144.866666667
143.2
146.8
150.666666667
157.733333333
166.2
168.533333333
173.666666667
172.933333333
161.066666667
149.4
146.6
145.533333333
149.4
159.2
161.333333333
159.933333333
255.0
255.0
255.0
255.0
255.0
255.0
251.4
238.066666667
175.666666667
132.8
108.133333333
85.5333333333
66.8666666667
55.3333333333
42.6666666667
42.4
45.4666666667
52.6
60.5333333333
76.2
87.5333333333
96.8666666667
117.2
136.466666667
141.866666667
146.733333333
144.866666667
137.733333333
126.333333333
124.0
118.733333333
113.133333333
116.133333333
108.666666667
113.133333333
118.2
120.2
120.066666667
136.666666667
138.333333333
140.8
145.933333333
151.066666667
151.733333333
150.6
143.0
132.266666667
125.8
128.466666667
132.266666667
129.266666667
130.2
125.6
131.466666667
143.733333333
147.866666667
144.866666667
152.533333333
157.666666667
155.8
155.866666667
149.8
143.4
134.066666667
133.2
135.533333333
144.0
149.8
255.0
255.0
255.0
255.0
255.0
255.0
250.2
210.733333333
140.466666667
109.466666667
85.2666666667
63.8666666667
57.3333333333
47.1333333333
41.4
44.9333333333
51.9333333333
59.6666666667
72.2
86.5333333333
97.1333333333
113.466666667
136.133333333
152.866666667
154.133333333
153.066666667
156.466666667
147.933333333
132.866666667
126.466666667
119.266666667
112.6
112.266666667
98.2666666667
101.866666667
110.333333333
123.333333333
135.933333333
146.0
146.8
146.733333333
148.6
149.2
151.333333333
151.333333333
143.0
135.533333333
133.0
133.6
130.0
120.733333333
119.466666667
107.133333333
107.066666667
122.866666667
134.666666667
138.4
137.4
142.133333333
146.8
148.0
138.733333333
133.866666667
114.266666667
109.0
105.333333333
108.6
113.8
255.0
255.0
255.0
255.0
255.0
255.0
239.466666667
181.133333333
121.266666667
80.6666666667
63.6
55.2
46.3333333333
41.8
45.5333333333
50.3333333333
57.2
65.9333333333
75.4666666667
93.6
107.6
123.0
142.933333333
159.0
158.6
161.733333333
165.4
159.733333333
138.333333333
129.6
117.4
115.266666667
106.0
86.6666666667
100.0
106.6
127.533333333
138.733333333
141.2
147.4
151.866666667
154.2
152.6
150.8
146.533333333
139.8
137.4
135.4
134.8
132.066666667
125.333333333
119.866666667
99.2
94.8
104.533333333
111.2
113.666666667
126.266666667
125.533333333
124.666666667
118.133333333
119.666666667
107.333333333
102.8
97.3333333333
96.2666666667
99.7333333333
104.0
255.0
255.0
255.0
255.0
255.0
242.933333333
214.533333333
155.0
89.1333333333
64.6
54.6666666667
42.8
39.4
42.2
45.4666666667
49.8666666667
57.6666666667
70.0666666667
83.6
100.466666667
110.4
126.133333333
147.333333333
162.333333333
162.733333333
164.733333333
169.066666667
162.333333333
147.2
131.333333333
120.6
107.533333333
102.8
89.5333333333
102.466666667
103.133333333
122.133333333
134.8
143.8
154.4
162.066666667
158.533333333
153.2
144.6
139.6
141.2
138.266666667
131.4
129.6
123.866666667
120.533333333
114.133333333
96.7333333333
92.6666666667
99.3333333333
100.666666667
106.066666667
102.2
102.266666667
103.933333333
94.0
92.6666666667
95.1333333333
98.3333333333
100.6
101.533333333
103.466666667
103.2
255.0
255.0
255.0
255.0
247.266666667
231.866666667
199.666666667
134.333333333
73.0
57.9333333333
41.6
36.8666666667
36.7333333333
38.3333333333
40.6
48.2
57.5333333333
72.2666666667
90.1333333333
100.2
113.733333333
128.2
151.4
162.2
160.733333333
165.866666667
167.4
161.6
154.8
132.8
113.533333333
104.333333333
99.4666666667
84.8666666667
93.0666666667
102.666666667
124.866666667
138.466666667
147.666666667
161.6
159.133333333
154.0
154.133333333
148.866666667
145.333333333
141.2
131.4
118.0
112.733333333
104.666666667
101.066666667
97.2
90.9333333333
89.0666666667
100.666666667
99.3333333333
107.666666667
105.2
99.0666666667
99.3333333333
94.8
87.4
86.9333333333
88.7333333333
95.8666666667
103.533333333
104.866666667
106.333333333
255.0
255.0
255.0
254.666666667
240.266666667
199.4
174.466666667
125.2
67.7333333333
46.1333333333
35.6666666667
36.0
35.1333333333
37.3333333333
44.4666666667
51.5333333333
60.8666666667
78.4
94.2
104.466666667
116.066666667
127.666666667
148.933333333
156.133333333
157.0
163.066666667
164.466666667
161.466666667
152.533333333
129.733333333
110.8
106.8
103.6
94.4666666667
99.4666666667
109.666666667
133.266666667
146.466666667
153.866666667
158.0
154.266666667
156.8
159.8
152.666666667
143.466666667
138.666666667
125.4
109.866666667
100.066666667
93.6666666667
89.3333333333
89.2
87.3333333333
84.2
100.933333333
98.7333333333
105.533333333
109.933333333
105.466666667
100.8
95.0
86.6
79.3333333333
80.3333333333
82.9333333333
93.0
99.3333333333
102.0
255.0
255.0
254.933333333
247.533333333
223.333333333
195.466666667
164.666666667
126.933333333
61.0
38.0666666667
33.0666666667
36.1333333333
36.6
38.9333333333
44.6
53.6
66.4666666667
80.8
94.2666666667
104.4
115.333333333
128.466666667
149.066666667
155.666666667
160.066666667
164.4
166.133333333
161.8
151.466666667
131.133333333
113.2
103.066666667
100.6
97.7333333333
111.666666667
119.733333333
142.0
160.733333333
159.933333333
161.466666667
170.533333333
169.533333333
163.733333333
152.933333333
142.8
137.6
126.6
110.466666667
97.8
83.3333333333
82.6
77.0666666667
80.4666666667
81.3333333333
101.4
95.9333333333
99.8666666667
109.466666667
108.133333333
103.866666667
94.2666666667
84.3333333333
75.4666666667
73.7333333333
73.7333333333
82.2666666667
89.4666666667
95.2666666667
255.0
255.0
254.533333333
238.6
211.8
184.866666667
153.6
131.933333333
56.9333333333
35.8666666667
33.8
37.6
37.4
41.6666666667
47.1333333333
54.9333333333
67.7333333333
85.8
96.3333333333
103.0
112.266666667
122.066666667
142.466666667
152.4
159.2
164.8
165.533333333
163.266666667
152.333333333
135.066666667
116.133333333
100.466666667
101.466666667
102.4
112.266666667
120.333333333
139.2
148.466666667
153.266666667
161.866666667
164.533333333
169.533333333
159.8
151.533333333
146.866666667
145.933333333
126.466666667
108.0
85.0666666667
72.4666666667
71.4666666667
70.0
73.0
79.2666666667
101.733333333
99.4666666667
103.666666667
109.933333333
111.0
106.733333333
97.0666666667
85.5333333333
74.9333333333
70.3333333333
69.6666666667
76.5333333333
80.4666666667
87.5333333333
255.0
255.0
253.933333333
223.666666667
202.266666667
166.333333333
147.4
126.133333333
72.3333333333
36.2
34.2666666667
37.5333333333
38.7333333333
40.5333333333
45.8666666667
56.0
70.2666666667
82.4666666667
94.0666666667
101.0
109.0
116.466666667
132.2
141.4
147.866666667
157.333333333
163.8
159.266666667
151.133333333
136.333333333
119.2
105.0
100.733333333
104.333333333
110.466666667
114.6
120.066666667
129.266666667
141.533333333
141.333333333
135.533333333
135.866666667
131.8
124.266666667
130.666666667
131.8
119.466666667
90.8666666667
78.4666666667
71.2666666667
60.9333333333
62.2666666667
65.6
73.2
95.8666666667
104.666666667
106.8
110.333333333
112.8
107.533333333
98.4666666667
88.9333333333
77.3333333333
69.4666666667
67.3333333333
70.7333333333
75.3333333333
80.2
255.0
255.0
251.066666667
227.4
180.6
168.733333333
137.866666667
122.733333333
92.8
34.0666666667
35.8666666667
38.0
41.9333333333
45.2
50.1333333333
56.9333333333
70.6666666667
82.6666666667
91.4666666667
99.7333333333
107.133333333
113.333333333
122.133333333
130.733333333
140.933333333
150.4
155.6
151.866666667
144.933333333
138.066666667
124.0
116.733333333
106.933333333
103.6
99.5333333333
104.866666667
104.933333333
115.266666667
124.8
121.266666667
117.0
118.733333333
114.2
110.466666667
113.333333333
115.666666667
108.6
82.9333333333
76.6
69.5333333333
58.9333333333
62.0
66.0666666667
68.1333333333
92.5333333333
98.6666666667
103.133333333
112.0
115.666666667
110.8
101.533333333
90.2666666667
78.7333333333
69.8
63.4666666667
66.4
71.3333333333
75.0666666667
255.0
255.0
249.333333333
208.933333333
175.333333333
160.4
131.4
126.733333333
97.0666666667
37.8666666667
32.3333333333
34.7333333333
38.1333333333
42.5333333333
53.4
63.5333333333
73.0666666667
80.8666666667
93.2
98.3333333333
102.933333333
106.6
114.533333333
124.733333333
133.8
142.6
145.533333333
145.466666667
143.866666667
137.866666667
136.4
126.333333333
108.533333333
104.6
104.733333333
105.933333333
113.0
126.066666667
132.666666667
129.8
124.866666667
118.533333333
114.266666667
105.866666667
104.933333333
121.8
100.333333333
82.4666666667
78.5333333333
63.1333333333
56.1333333333
65.4
70.3333333333
73.2666666667
88.2
94.2
104.0
112.8
114.533333333
114.733333333
105.133333333
93.9333333333
82.2
68.5333333333
61.5333333333
62.0
67.6
72.5333333333
255.0
254.866666667
249.466666667
199.2
165.533333333
157.133333333
140.533333333
120.933333333
108.466666667
41.8666666667
32.7333333333
34.8666666667
36.6
42.6
49.7333333333
62.6
77.1333333333
84.0666666667
93.3333333333
98.7333333333
101.733333333
104.0
110.133333333
117.666666667
128.866666667
137.2
136.0
139.333333333
145.2
148.333333333
148.2
140.6
132.733333333
130.4
122.533333333
120.066666667
121.533333333
132.533333333
140.8
141.666666667
138.266666667
127.733333333
114.4
104.733333333
109.2
116.066666667
94.2666666667
78.9333333333
79.2
62.2
54.2
63.6666666667
68.2666666667
75.4
85.2666666667
92.0
103.4
111.066666667
112.6
109.6
101.333333333
95.3333333333
78.8666666667
64.4666666667
58.8666666667
58.3333333333
66.2
70.2666666667
255.0
255.0
250.2
191.733333333
167.533333333
150.333333333
141.2
119.733333333
112.866666667
46.3333333333
30.8
31.7333333333
36.8666666667
45.0
50.4
63.1333333333
76.0
86.6
93.4
98.9333333333
100.8
105.533333333
106.6
108.666666667
117.066666667
126.0
129.133333333
133.933333333
142.4
152.866666667
155.933333333
161.066666667
141.933333333
123.466666667
113.666666667
117.666666667
121.266666667
132.866666667
138.533333333
139.0
134.066666667
129.733333333
116.8
111.533333333
113.866666667
111.2
85.9333333333
71.7333333333
74.5333333333
61.6666666667
52.2666666667
59.9333333333
68.6
74.0666666667
81.8
91.4666666667
104.2
114.2
113.066666667
107.066666667
97.6666666667
91.0666666667
72.5333333333
58.8
55.3333333333
56.8666666667
64.3333333333
70.8666666667
255.0
255.0
250.866666667
194.4
169.933333333
150.733333333
141.266666667
132.6
115.733333333
46.8
33.6
32.2
32.3333333333
43.8666666667
55.0
62.8666666667
75.2666666667
88.2666666667
95.5333333333
102.2
103.733333333
107.933333333
108.2
107.933333333
112.8
122.666666667
124.6
126.6
134.8
141.866666667
143.6
145.066666667
136.2
110.466666667
97.3333333333
102.866666667
110.533333333
125.6
127.333333333
129.266666667
127.933333333
120.466666667
115.0
112.0
111.733333333
116.266666667
89.7333333333
72.4666666667
73.9333333333
63.8
54.8666666667
60.7333333333
72.6666666667
75.1333333333
88.7333333333
95.6
103.666666667
114.8
116.2
110.333333333
100.4
85.5333333333
68.2666666667
56.0666666667
53.2
58.3333333333
64.9333333333
70.4666666667
255.0
255.0
248.6
193.266666667
174.266666667
151.2
142.866666667
134.4
105.4
48.4
36.8666666667
32.6666666667
32.6666666667
42.0666666667
51.3333333333
65.4666666667
75.3333333333
90.1333333333
98.4
104.333333333
104.733333333
107.533333333
108.266666667
110.4
114.533333333
119.066666667
123.933333333
122.933333333
121.066666667
120.0
118.2
119.266666667
111.6
89.8666666667
86.2666666667
91.4
93.6
103.866666667
111.666666667
115.533333333
119.333333333
123.733333333
118.8
113.8
115.933333333
115.0
92.6666666667
69.2
71.4
62.8
57.3333333333
60.6666666667
76.1333333333
83.9333333333
91.4666666667
95.0666666667
96.8666666667
106.4
108.0
106.6
94.0666666667
80.6666666667
62.7333333333
54.8
55.4
61.0
65.3333333333
70.7333333333
255.0
255.0
252.8
199.2
173.266666667
149.666666667
145.066666667
134.8
103.733333333
50.4666666667
40.4
34.0666666667
36.9333333333
42.4666666667
48.0
64.4
73.4
89.3333333333
100.2
104.733333333
105.533333333
107.666666667
106.733333333
111.133333333
117.733333333
123.8
120.666666667
119.066666667
110.266666667
110.133333333
105.2
99.6
97.4666666667
89.0666666667
89.4666666667
99.2
97.0666666667
98.6666666667
105.533333333
110.666666667
111.266666667
118.866666667
123.066666667
123.266666667
121.866666667
116.8
93.1333333333
68.8
68.8
60.0666666667
55.6
61.9333333333
78.8
87.0666666667
90.5333333333
96.9333333333
94.3333333333
100.333333333
102.933333333
98.4666666667
85.0666666667
72.6666666667
60.9333333333
56.4666666667
57.2666666667
62.6
65.8666666667
71.0
255.0
255.0
253.4
204.533333333
164.466666667
153.466666667
138.733333333
135.0
113.466666667
60.7333333333
42.4666666667
37.4666666667
38.9333333333
43.3333333333
50.2666666667
58.0
73.8666666667
84.8666666667
97.5333333333
104.266666667
104.466666667
109.266666667
108.066666667
111.666666667
116.933333333
121.4
117.933333333
117.6
104.2
99.3333333333
92.3333333333
88.6
87.0666666667
81.8
87.4
99.9333333333
104.533333333
103.533333333
112.466666667
114.2
110.133333333
114.666666667
123.933333333
123.066666667
121.133333333
117.666666667
99.0666666667
72.6
71.2666666667
62.3333333333
57.2666666667
65.8
78.8666666667
91.4
95.4666666667
97.0666666667
92.0666666667
97.4666666667
96.2
96.8666666667
83.5333333333
69.6
62.7333333333
59.4666666667
59.7333333333
64.6
66.0666666667
70.2666666667
255.0
255.0
254.266666667
211.066666667
163.2
148.466666667
139.4
132.733333333
113.533333333
73.0
43.8
41.9333333333
38.2
42.0
50.8666666667
59.3333333333
74.1333333333
81.8
95.6
100.933333333
105.466666667
109.733333333
113.133333333
114.866666667
114.6
116.933333333
112.266666667
109.866666667
97.6
91.1333333333
81.7333333333
74.0
80.2
76.8
84.6666666667
102.0
108.933333333
110.533333333
110.2
114.666666667
118.933333333
121.133333333
124.533333333
122.8
116.4
117.0
106.066666667
81.7333333333
71.4666666667
66.2
59.0
68.3333333333
78.2666666667
87.0
92.2
94.2
90.8666666667
95.8
92.9333333333
90.0666666667
78.6666666667
68.5333333333
62.6
60.1333333333
60.4666666667
64.2
66.0
71.4666666667
255.0
255.0
253.866666667
218.066666667
159.666666667
144.333333333
142.2
133.133333333
115.266666667
94.4666666667
58.7333333333
42.6666666667
38.6666666667
40.4
49.3333333333
57.9333333333
68.8
80.4666666667
90.8
99.8
103.6
107.266666667
110.133333333
110.8
108.866666667
109.066666667
107.8
105.533333333
91.0
80.4666666667
75.4
68.5333333333
74.4
73.6
83.2666666667
105.066666667
116.8
121.066666667
122.733333333
126.266666667
127.0
125.933333333
126.866666667
126.466666667
118.666666667
115.933333333
106.6
86.7333333333
71.8666666667
70.2
63.5333333333
69.6666666667
76.2
82.4
86.8
95.5333333333
95.1333333333
94.5333333333
89.2666666667
81.4
73.2
66.1333333333
61.1333333333
59.3333333333
63.2
70.4666666667
78.0666666667
81.4666666667
255.0
255.0
254.533333333
227.933333333
176.533333333
143.0
139.066666667
132.2
120.533333333
107.866666667
67.0
53.1333333333
39.5333333333
43.4666666667
48.4666666667
54.7333333333
66.4666666667
78.7333333333
84.2
92.6
97.4
102.466666667
102.666666667
106.4
107.0
104.466666667
104.733333333
103.4
89.7333333333
76.8666666667
66.4
62.6
67.4666666667
69.5333333333
88.1333333333
101.666666667
117.8
126.066666667
133.733333333
138.133333333
135.266666667
133.733333333
126.2
128.4
127.866666667
120.2
109.2
94.2666666667
76.6666666667
76.0666666667
73.6666666667
73.1333333333
76.7333333333
85.3333333333
90.0
99.8666666667
95.8666666667
89.2
82.1333333333
79.0
73.7333333333
66.6
68.6666666667
69.8666666667
72.7333333333
75.4
81.3333333333
80.1333333333
255.0
255.0
255.0
239.8
191.733333333
141.933333333
136.866666667
132.333333333
127.133333333
109.0
91.8666666667
59.0666666667
53.1333333333
41.2666666667
45.1333333333
50.8666666667
62.8666666667
72.1333333333
80.9333333333
84.5333333333
90.8666666667
96.6666666667
98.8
102.6
103.733333333
99.0
98.4666666667
100.666666667
86.4
74.7333333333
60.8666666667
50.5333333333
58.6666666667
59.9333333333
80.8
98.2
117.2
129.6
138.733333333
144.266666667
146.533333333
142.533333333
131.733333333
125.533333333
127.2
125.066666667
108.733333333
105.2
91.5333333333
81.2666666667
84.8
90.6666666667
93.2666666667
97.4
98.0
102.466666667
101.6
105.133333333
100.133333333
88.2
79.2666666667
73.7333333333
71.1333333333
69.6666666667
75.6
91.1333333333
106.333333333
105.8
255.0
255.0
255.0
245.533333333
218.8
152.0
138.066666667
131.8
123.4
109.733333333
101.466666667
78.0666666667
55.2666666667
52.4666666667
44.1333333333
46.7333333333
58.8666666667
68.3333333333
76.7333333333
77.8
82.5333333333
86.1333333333
90.8
94.4666666667
95.8666666667
93.0
93.8
98.2
83.7333333333
74.9333333333
62.6666666667
46.6
55.8
53.1333333333
67.3333333333
90.0
109.2
123.666666667
133.8
140.733333333
142.6
143.733333333
134.4
125.8
124.866666667
122.333333333
113.533333333
105.533333333
96.2666666667
96.6
95.9333333333
96.7333333333
97.5333333333
103.133333333
109.0
116.533333333
118.266666667
114.8
113.333333333
108.666666667
101.866666667
101.266666667
101.933333333
105.2
112.4
122.8
128.733333333
126.533333333
255.0
255.0
255.0
251.8
229.133333333
182.866666667
151.2
132.0
124.133333333
110.0
97.2666666667
94.9333333333
69.1333333333
50.0666666667
51.2
44.4666666667
54.2
63.8666666667
71.2
72.6
76.9333333333
79.5333333333
82.9333333333
87.5333333333
89.8666666667
87.0666666667
87.8
92.8666666667
88.1333333333
75.2
59.9333333333
49.8666666667
50.4
48.4666666667
58.2666666667
77.4666666667
96.2666666667
113.0
122.933333333
130.4
130.133333333
129.6
126.133333333
122.6
122.333333333
118.266666667
115.866666667
109.466666667
113.133333333
108.4
114.333333333
116.466666667
116.8
119.333333333
120.2
123.4
126.466666667
125.133333333
121.6
119.2
117.933333333
113.4
109.466666667
119.866666667
125.8
129.733333333
132.8
136.733333333
255.0
254.8
255.0
252.0
240.333333333
201.266666667
162.6
131.866666667
121.333333333
111.266666667
96.0
91.6666666667
92.9333333333
78.0666666667
50.7333333333
52.4
55.6666666667
63.0666666667
68.6666666667
68.5333333333
72.4666666667
74.6666666667
76.4666666667
80.9333333333
85.0666666667
83.9333333333
84.6
88.9333333333
88.7333333333
74.6
62.2
49.7333333333
49.6666666667
44.6
55.4666666667
70.0666666667
83.1333333333
98.0666666667
104.133333333
108.0
114.133333333
108.333333333
104.333333333
106.866666667
112.933333333
109.8
114.933333333
121.533333333
120.4
131.2
127.466666667
121.933333333
123.733333333
124.266666667
128.2
127.4
124.2
121.733333333
120.466666667
121.933333333
118.133333333
113.733333333
108.533333333
87.8666666667
97.4666666667
113.0
123.266666667
129.133333333
255.0
255.0
255.0
255.0
248.8
214.4
173.333333333
141.4
120.266666667
110.733333333
97.7333333333
90.4666666667
90.5333333333
90.5333333333
86.9333333333
59.3333333333
58.6
66.6666666667
67.2666666667
69.0
69.8
70.8
72.8
76.3333333333
79.2666666667
79.8
80.9333333333
84.2666666667
85.4
74.5333333333
63.5333333333
54.2
47.4
47.9333333333
58.4
67.4666666667
79.2666666667
84.9333333333
93.6666666667
99.0
96.4
97.9333333333
97.0666666667
100.8
106.933333333
112.6
116.2
113.6
129.6
137.133333333
135.266666667
129.4
124.2
121.733333333
123.8
124.266666667
122.733333333
123.266666667
124.2
126.133333333
129.066666667
130.2
117.933333333
98.3333333333
76.4
80.4
79.6
81.4
255.0
254.666666667
255.0
255.0
247.066666667
226.933333333
187.4
156.533333333
125.0
110.866666667
103.066666667
94.2
89.8
89.6666666667
92.6
94.4
77.4
66.0
75.6666666667
73.1333333333
66.7333333333
67.4666666667
67.8
69.0666666667
71.0666666667
71.9333333333
72.6666666667
74.8666666667
78.4666666667
75.0
66.8666666667
56.6666666667
51.2
52.4
61.8
68.8666666667
77.0
80.7333333333
94.0
92.5333333333
95.7333333333
96.6
99.4
101.933333333
113.733333333
115.866666667
115.8
116.266666667
130.866666667
136.333333333
131.733333333
128.2
123.733333333
122.2
124.266666667
124.866666667
125.733333333
139.266666667
149.8
148.733333333
151.266666667
154.133333333
151.6
134.466666667
98.5333333333
83.7333333333
80.5333333333
75.1333333333
255.0
255.0
251.466666667
251.2
243.8
233.333333333
207.133333333
177.133333333
131.4
113.666666667
106.333333333
101.933333333
94.2
91.6
93.4
94.6666666667
97.2
86.7333333333
71.0666666667
75.4
78.8
67.6
63.0666666667
62.9333333333
62.2
61.8666666667
63.2
66.5333333333
66.4
69.9333333333
66.6666666667
58.7333333333
55.9333333333
56.3333333333
60.7333333333
63.5333333333
70.7333333333
79.8666666667
89.1333333333
92.6
97.4
98.6666666667
107.133333333
110.533333333
114.333333333
112.333333333
129.466666667
134.933333333
136.4
133.333333333
131.333333333
129.266666667
126.466666667
125.8
128.8
132.2
152.8
164.266666667
170.266666667
168.866666667
168.533333333
167.2
168.733333333
163.933333333
140.066666667
96.2
80.4
78.7333333333
254.266666667
254.866666667
254.933333333
251.2
244.0
238.2
219.266666667
197.866666667
151.266666667
121.866666667
112.066666667
107.533333333
105.0
98.8666666667
96.8666666667
95.6
96.8666666667
96.7333333333
96.6666666667
73.1333333333
69.6
72.6
73.5333333333
62.3333333333
56.8666666667
58.9333333333
59.0666666667
53.6666666667
54.0
56.3333333333
57.6666666667
56.2666666667
60.0
55.7333333333
64.1333333333
61.2666666667
75.1333333333
88.0666666667
97.7333333333
102.266666667
107.666666667
108.333333333
109.466666667
114.333333333
123.133333333
130.933333333
139.866666667
139.2
136.333333333
136.933333333
137.933333333
138.066666667
137.333333333
142.466666667
144.333333333
180.533333333
189.733333333
190.6
185.8
178.866666667
178.4
181.133333333
173.933333333
171.533333333
154.666666667
129.333333333
90.9333333333
83.0666666667
255.0
254.4
253.733333333
249.733333333
244.733333333
241.133333333
229.066666667
206.666666667
177.866666667
154.8
128.333333333
113.666666667
110.6
109.6
101.6
100.4
96.8
94.8666666667
94.1333333333
100.8
97.0666666667
71.2
66.5333333333
65.2
63.8
63.6
63.0
56.6666666667
50.6666666667
45.4666666667
45.8
43.5333333333
42.5333333333
48.2
59.8
66.9333333333
76.3333333333
88.4666666667
96.2666666667
101.133333333
108.6
119.666666667
128.6
135.6
139.6
139.4
139.266666667
138.066666667
138.266666667
142.133333333
145.466666667
146.0
166.8
175.666666667
179.333333333
191.2
192.4
193.333333333
197.466666667
191.066666667
191.8
182.733333333
181.0
175.2
168.666666667
141.266666667
98.9333333333
80.4
255.0
255.0
254.333333333
250.2
244.733333333
241.866666667
238.866666667
228.8
200.6
187.333333333
166.733333333
124.466666667
114.666666667
110.2
108.8
105.866666667
99.6
94.8
90.2666666667
90.4
97.3333333333
102.266666667
87.8
66.7333333333
59.6666666667
61.1333333333
64.2666666667
62.5333333333
56.9333333333
55.8666666667
53.3333333333
50.3333333333
44.0
46.0
52.6
56.9333333333
62.0
77.4666666667
103.0
121.6
131.0
143.066666667
143.8
141.466666667
142.266666667
141.4
139.533333333
133.533333333
140.733333333
168.533333333
162.466666667
182.933333333
190.2
193.733333333
201.066666667
195.8
210.133333333
215.6
220.933333333
225.666666667
227.533333333
208.2
185.733333333
173.133333333
166.866666667
144.066666667
112.866666667
85.3333333333
255.0
252.933333333
252.0
247.866666667
244.066666667
242.6
243.666666667
240.8
230.333333333
214.933333333
194.266666667
157.533333333
126.6
112.066666667
110.6
111.466666667
104.466666667
96.1333333333
92.1333333333
88.2
88.7333333333
93.9333333333
99.2
102.333333333
97.0
93.0666666667
99.0
97.8666666667
70.4666666667
61.1333333333
55.3333333333
52.0666666667
47.8
48.7333333333
55.0666666667
62.1333333333
75.2
87.4
109.0
117.2
124.266666667
129.466666667
132.6
137.733333333
137.333333333
140.266666667
144.133333333
157.333333333
173.333333333
188.466666667
199.933333333
201.733333333
203.0
215.866666667
213.866666667
220.8
222.933333333
232.2
233.0
218.333333333
236.6
230.533333333
215.0
199.066666667
186.266666667
167.666666667
138.133333333
103.133333333
255.0
254.066666667
248.333333333
244.866666667
243.8
243.133333333
242.8
242.933333333
241.666666667
238.466666667
220.466666667
186.733333333
151.866666667
116.666666667
113.066666667
110.8
108.266666667
104.133333333
96.5333333333
91.4666666667
89.8
88.2
90.6666666667
94.6
97.0666666667
101.066666667
101.0
97.8666666667
96.8666666667
94.0
84.0666666667
79.2666666667
75.0
85.1333333333
90.5333333333
97.6
106.466666667
112.2
114.0
118.0
125.266666667
124.933333333
131.066666667
135.0
139.466666667
153.466666667
174.6
190.666666667
199.533333333
210.266666667
214.866666667
220.266666667
226.066666667
225.8
225.266666667
220.066666667
232.266666667
230.933333333
231.133333333
228.266666667
226.933333333
235.933333333
229.0
227.866666667
214.0
193.333333333
173.8
142.333333333
253.866666667
250.4
246.733333333
245.333333333
243.6
242.466666667
242.666666667
240.733333333
242.333333333
242.933333333
241.0
223.133333333
191.0
142.666666667
120.533333333
113.733333333
110.533333333
109.333333333
106.2
100.2
95.5333333333
90.5333333333
90.4
89.0666666667
89.4
90.8
93.7333333333
95.2666666667
94.8666666667
93.2666666667
91.4
91.4
91.8
92.6666666667
94.4666666667
98.1333333333
104.733333333
107.6
119.866666667
138.6
151.2
157.6
161.8
162.466666667
176.333333333
185.133333333
182.4
189.533333333
193.6
216.866666667
215.666666667
221.066666667
229.733333333
228.733333333
230.666666667
232.733333333
226.133333333
226.866666667
229.733333333
233.933333333
224.8
236.0
226.466666667
220.866666667
230.133333333
219.733333333
197.4
168.8
255.0
250.933333333
246.733333333
243.533333333
242.8
243.0
242.666666667
241.933333333
242.666666667
242.466666667
242.066666667
239.6
209.466666667
185.0
160.133333333
136.533333333
116.266666667
111.866666667
108.933333333
108.733333333
104.6
96.8
94.0
92.4666666667
90.9333333333
90.6666666667
88.6666666667
87.2666666667
86.0666666667
87.2666666667
87.8666666667
88.1333333333
89.9333333333
91.5333333333
91.8666666667
99.4666666667
97.6
105.666666667
140.066666667
156.933333333
165.6
168.266666667
174.533333333
188.0
189.8
188.066666667
188.6
194.466666667
202.6
204.266666667
225.933333333
223.4
228.4
231.533333333
232.866666667
229.8
223.6
234.933333333
224.066666667
225.533333333
225.2
239.866666667
229.466666667
224.533333333
231.666666667
221.933333333
192.933333333
178.2
250.533333333
248.933333333
245.333333333
243.866666667
242.6
242.6
242.733333333
242.333333333
242.066666667
243.0
241.533333333
242.666666667
234.133333333
214.133333333
188.933333333
169.4
150.8
126.333333333
117.533333333
115.666666667
114.6
106.866666667
103.2
101.133333333
100.133333333
99.4
98.8666666667
95.6666666667
92.7333333333
90.8666666667
90.2666666667
90.6666666667
90.8
92.4
100.333333333
111.733333333
125.066666667
150.0
171.466666667
180.866666667
183.2
173.266666667
183.466666667
182.2
184.8
187.266666667
195.666666667
198.533333333
201.266666667
210.666666667
216.133333333
226.066666667
220.4
228.466666667
231.466666667
234.466666667
229.733333333
232.533333333
228.466666667
230.266666667
227.133333333
233.866666667
234.733333333
212.333333333
232.8
228.666666667
215.4
184.4
253.866666667
248.333333333
246.466666667
240.533333333
243.0
242.466666667
242.6
242.066666667
242.8
241.666666667
242.333333333
242.6
242.0
234.8
224.666666667
204.4
173.933333333
161.066666667
139.666666667
147.933333333
137.6
127.2
114.8
112.466666667
112.4
110.733333333
107.866666667
105.6
99.4
97.4
96.8
98.1333333333
103.466666667
122.133333333
148.733333333
163.733333333
163.533333333
178.133333333
185.0
189.066666667
192.6
191.866666667
194.8
193.4
189.2
189.333333333
200.0
203.2
213.4
218.666666667
225.066666667
234.133333333
219.266666667
221.666666667
228.733333333
222.466666667
230.066666667
229.333333333
225.2
223.666666667
227.866666667
225.333333333
228.0
230.533333333
226.6
229.133333333
219.533333333
188.8
253.066666667
249.533333333
244.8
236.2
242.4
242.533333333
242.133333333
242.4
242.333333333
242.333333333
241.266666667
242.133333333
242.066666667
241.933333333
242.0
236.533333333
224.2
190.266666667
172.6
174.066666667
164.066666667
160.333333333
162.266666667
157.8
157.266666667
155.2
148.266666667
151.266666667
153.466666667
151.933333333
147.533333333
151.0
162.466666667
179.866666667
188.8
212.4
207.533333333
199.133333333
187.866666667
190.066666667
187.0
188.466666667
187.6
191.533333333
200.533333333
201.8
216.733333333
213.2
218.333333333
226.266666667
226.333333333
218.4
226.933333333
227.8
223.6
223.866666667
224.133333333
227.733333333
223.066666667
225.4
228.8
226.666666667
224.4
232.466666667
222.6
225.533333333
228.466666667
199.6
252.066666667
249.333333333
246.266666667
243.533333333
242.866666667
242.266666667
242.466666667
241.4
241.6
242.533333333
242.133333333
242.266666667
242.0
241.866666667
242.333333333
241.466666667
241.466666667
225.733333333
210.266666667
189.866666667
184.2
183.6
184.2
177.733333333
178.4
172.6
167.666666667
168.933333333
168.466666667
167.266666667
167.266666667
176.533333333
203.6
213.4
230.266666667
221.533333333
235.933333333
228.0
217.6
225.333333333
217.2
223.2
225.866666667
218.933333333
219.866666667
221.666666667
221.666666667
219.066666667
221.8
219.4
218.6
239.133333333
223.866666667
229.066666667
222.466666667
227.6
224.666666667
225.066666667
227.0
227.2
232.866666667
226.866666667
228.533333333
220.4
226.0
235.0
227.133333333
208.733333333
255.0
250.866666667
245.533333333
243.933333333
242.866666667
241.866666667
242.733333333
242.333333333
240.733333333
241.466666667
242.333333333
242.066666667
241.666666667
242.066666667
242.333333333
242.0
241.2
241.733333333
235.866666667
225.133333333
215.133333333
215.0
210.466666667
210.2
207.2
211.866666667
198.533333333
200.333333333
206.733333333
209.4
209.733333333
221.533333333
228.066666667
230.933333333
234.866666667
225.066666667
229.4
229.4
220.666666667
226.666666667
226.133333333
220.0
228.933333333
222.933333333
220.533333333
218.866666667
219.8
233.533333333
221.0
224.333333333
224.466666667
229.0
231.266666667
225.333333333
221.466666667
223.533333333
226.266666667
223.266666667
223.266666667
221.733333333
232.4
226.133333333
229.8
226.266666667
226.666666667
225.733333333
232.2
214.4
253.8
250.733333333
247.133333333
244.0
242.333333333
242.933333333
242.266666667
241.933333333
242.066666667
241.933333333
242.0
242.0
241.866666667
241.933333333
242.533333333
241.666666667
240.066666667
241.466666667
241.666666667
237.333333333
240.466666667
231.866666667
232.6
240.0
237.333333333
235.4
235.466666667
232.6
238.666666667
228.533333333
238.266666667
231.4
239.4
236.6
235.266666667
233.8
232.6
220.866666667
227.8
228.6
225.2
219.333333333
220.333333333
218.8
216.133333333
225.6
220.933333333
226.466666667
223.133333333
230.466666667
228.866666667
218.733333333
226.866666667
226.333333333
224.466666667
225.133333333
224.666666667
227.333333333
224.2
217.133333333
228.8
224.066666667
226.933333333
223.266666667
227.266666667
225.933333333
222.8
213.2
255.0
253.066666667
247.2
241.533333333
242.8
242.866666667
242.066666667
242.0
242.533333333
242.066666667
239.466666667
242.066666667
241.866666667
242.066666667
242.333333333
241.866666667
240.466666667
241.666666667
241.8
241.2
240.866666667
226.466666667
241.133333333
241.066666667
235.866666667
239.8
239.466666667
237.533333333
237.933333333
232.6
238.733333333
237.0
240.466666667
231.0
231.4
240.0
237.666666667
229.066666667
227.466666667
225.466666667
220.933333333
223.933333333
214.666666667
222.533333333
226.0
213.733333333
221.466666667
229.6
218.666666667
225.266666667
219.733333333
220.466666667
228.266666667
223.6
226.8
226.933333333
221.0
224.933333333
226.733333333
219.0
223.733333333
227.733333333
224.133333333
223.333333333
230.333333333
230.666666667
228.266666667
222.266666667
253.333333333
252.6
249.133333333
244.4
243.0
241.866666667
241.666666667
242.133333333
242.133333333
242.466666667
242.2
241.866666667
242.2
241.333333333
241.933333333
240.2
240.866666667
239.133333333
241.333333333
241.466666667
241.266666667
228.266666667
241.133333333
239.2
240.933333333
237.466666667
235.933333333
241.0
240.933333333
238.8
238.4
239.8
229.8
240.733333333
235.133333333
235.666666667
233.4
231.466666667
228.4
233.933333333
225.466666667
218.266666667
217.666666667
224.133333333
226.133333333
222.066666667
226.6
219.333333333
228.866666667
220.466666667
223.666666667
219.2
224.533333333
220.8
223.666666667
230.333333333
222.8
234.866666667
223.066666667
224.333333333
225.933333333
233.866666667
221.6
229.933333333
229.666666667
223.866666667
233.466666667
221.533333333
253.4
252.0
250.666666667
245.933333333
242.8
242.666666667
237.133333333
242.6
242.133333333
242.333333333
242.066666667
241.733333333
241.866666667
241.866666667
241.8
241.2
237.733333333
241.6
240.866666667
241.066666667
241.466666667
240.466666667
240.933333333
241.2
236.866666667
231.066666667
240.466666667
241.333333333
240.933333333
241.266666667
239.6
237.066666667
240.866666667
233.666666667
237.2
235.0
234.866666667
239.266666667
227.466666667
233.0
236.8
218.533333333
228.333333333
221.533333333
226.6
217.6
228.533333333
222.266666667
225.0
220.4
222.066666667
234.6
226.6
224.0
221.8
221.0
215.733333333
227.6
228.2
218.066666667
226.866666667
222.8
226.466666667
238.0
232.666666667
233.6
235.066666667
229.0
254.866666667
253.0
253.533333333
247.8
238.2
243.066666667
242.266666667
242.0
241.933333333
240.6
242.0
234.4
242.266666667
240.733333333
242.333333333
240.066666667
242.266666667
241.0
241.266666667
239.733333333
235.0
240.533333333
238.933333333
241.2
240.466666667
239.466666667
232.533333333
239.133333333
237.4
239.666666667
236.266666667
238.533333333
237.066666667
232.133333333
230.6
228.933333333
230.333333333
239.733333333
229.933333333
231.266666667
230.666666667
234.6
228.733333333
222.066666667
226.333333333
216.8
228.266666667
216.2
216.533333333
226.666666667
219.0
224.266666667
215.866666667
222.266666667
225.666666667
225.933333333
219.2
223.866666667
225.533333333
223.933333333
222.066666667
222.533333333
234.866666667
231.266666667
234.733333333
237.266666667
243.6
228.6
252.666666667
251.266666667
249.8
248.933333333
244.733333333
242.333333333
242.466666667
241.8
242.066666667
241.866666667
242.133333333
240.733333333
242.4
241.533333333
242.266666667
240.933333333
237.733333333
241.4
239.8
238.8
238.0
241.333333333
236.0
240.266666667
235.533333333
241.066666667
224.933333333
239.466666667
240.266666667
236.133333333
240.333333333
240.866666667
232.933333333
239.666666667
238.333333333
237.6
229.866666667
238.866666667
235.933333333
232.6
222.333333333
235.8
224.666666667
229.866666667
219.866666667
223.933333333
231.2
223.6
217.066666667
221.533333333
216.933333333
224.733333333
226.666666667
222.866666667
221.4
219.333333333
222.2
224.866666667
221.533333333
225.6
225.866666667
224.066666667
227.333333333
229.6
238.066666667
228.533333333
233.066666667
232.333333333
255.0
252.933333333
251.333333333
249.933333333
246.2
243.333333333
242.066666667
236.266666667
239.4
241.8
242.066666667
236.866666667
241.666666667
241.666666667
241.8
241.6
236.4
241.666666667
241.333333333
240.333333333
231.666666667
241.133333333
239.6
241.066666667
228.333333333
240.6
234.2
240.0
226.466666667
238.0
236.533333333
233.733333333
240.133333333
231.866666667
232.466666667
237.0
233.4
239.733333333
232.2
237.466666667
220.533333333
239.6
220.733333333
230.0
224.4
224.8
228.6
224.2
222.333333333
219.2
217.2
223.0
222.4
223.933333333
229.6
224.2
217.533333333
218.066666667
227.466666667
218.133333333
229.866666667
230.666666667
230.666666667
237.6
228.933333333
233.733333333
232.066666667
236.733333333
250.4
253.4
253.533333333
250.733333333
246.8
243.4
242.066666667
241.666666667
237.866666667
241.933333333
242.333333333
242.0
241.866666667
240.333333333
241.666666667
241.466666667
238.666666667
241.733333333
230.6
241.533333333
235.133333333
241.4
241.533333333
234.2
240.933333333
235.333333333
234.0
240.133333333
231.066666667
231.266666667
240.333333333
227.266666667
238.266666667
227.466666667
241.266666667
238.466666667
228.8
232.333333333
235.0
230.466666667
223.4
230.4
228.333333333
229.4
228.266666667
221.4
223.266666667
219.133333333
224.866666667
214.8
217.8
231.8
221.133333333
221.8
223.4
220.0
220.066666667
223.4
222.8
230.0
217.466666667
232.266666667
229.733333333
233.466666667
228.666666667
230.533333333
232.4
229.466666667
247.4
254.4
253.733333333
252.133333333
248.2
244.266666667
240.2
242.4
239.666666667
241.733333333
242.0
241.666666667
241.733333333
237.866666667
241.666666667
235.866666667
237.466666667
241.333333333
226.4
239.066666667
240.866666667
229.4
239.866666667
235.533333333
235.333333333
228.866666667
238.933333333
240.266666667
237.6
235.866666667
238.666666667
239.8
237.266666667
238.333333333
229.733333333
240.133333333
234.2
238.666666667
230.666666667
233.266666667
237.133333333
231.2
227.866666667
229.933333333
224.466666667
223.666666667
220.533333333
220.533333333
223.0
221.733333333
217.266666667
231.333333333
221.666666667
215.066666667
231.2
225.933333333
218.533333333
223.666666667
218.866666667
221.666666667
221.0
232.933333333
232.066666667
237.0
235.8
230.266666667
239.866666667
222.933333333
245.933333333
254.533333333
253.933333333
254.333333333
251.533333333
238.733333333
243.666666667
240.666666667
241.933333333
240.933333333
241.733333333
241.333333333
239.8
241.933333333
236.0
241.733333333
239.333333333
227.466666667
241.066666667
235.333333333
239.866666667
236.466666667
240.866666667
228.666666667
241.133333333
233.2
239.333333333
231.6
240.866666667
238.866666667
232.733333333
239.933333333
228.933333333
239.2
234.733333333
237.933333333
232.4
235.333333333
233.533333333
240.666666667
230.533333333
230.2
238.333333333
234.2
232.866666667
227.333333333
230.6
223.8
225.733333333
223.466666667
218.2
223.2
222.266666667
216.133333333
225.2
221.0
224.266666667
222.8
225.133333333
228.066666667
226.266666667
232.0
228.6
237.6
226.6
234.533333333
236.0
227.666666667
254.4
252.0
248.6
250.866666667
250.2
245.533333333
242.466666667
242.533333333
241.2
242.0
240.866666667
242.133333333
227.266666667
241.733333333
241.266666667
237.466666667
241.866666667
239.533333333
240.466666667
234.133333333
240.866666667
237.933333333
241.466666667
235.066666667
238.466666667
239.0
241.066666667
222.2
240.933333333
239.266666667
232.666666667
234.4
233.0
237.733333333
237.8
230.533333333
240.733333333
239.133333333
238.533333333
227.133333333
240.133333333
229.466666667
240.6
233.733333333
237.4
223.333333333
220.0
227.466666667
226.866666667
229.2
225.4
226.733333333
216.333333333
220.533333333
217.4
221.466666667
223.2
223.933333333
224.866666667
222.333333333
232.066666667
233.533333333
235.466666667
234.2
231.4
229.466666667
229.8
236.4
252.2
250.4
245.533333333
252.866666667
247.2
250.0
236.4
240.333333333
242.0
239.6
242.333333333
241.133333333
234.0
241.933333333
238.466666667
239.533333333
239.2
234.6
239.4
237.466666667
232.0
238.4
240.266666667
239.133333333
239.0
230.133333333
240.2
229.2
232.066666667
233.933333333
236.866666667
236.266666667
236.733333333
232.333333333
227.4
240.866666667
232.0
238.933333333
229.0
227.933333333
226.2
226.0
236.933333333
227.333333333
230.666666667
221.6
224.4
218.866666667
230.066666667
220.2
222.333333333
222.4
223.666666667
223.933333333
221.133333333
222.4
218.0
220.0
223.4
223.333333333
229.933333333
239.2
232.2
231.0
227.2
232.533333333
231.6
231.066666667
